Number of Words,Time
1000,0.00000016345800000000
2000,0.00000015596150000000
3000,0.00000015469266666667
4000,0.00000015188800000000
5000,0.00000014871300000000
6000,0.00000014627950000000
7000,0.00000014359628571429
8000,0.00000013994900000000
9000,0.00000013614033333333
10000,0.00000013366110000000
11000,0.00000013123836363636
12000,0.00000012782900000000
13000,0.00000012760661538462
14000,0.00000012603385714286
15000,0.00000012545860000000
16000,0.00000012545112500000
17000,0.00000012603017647059
18000,0.00000013249144444444
19000,0.00000013197794736842
20000,0.00000013157860000000
21000,0.00000013976980952381
22000,0.00000013956613636364
23000,0.00000014166421739130
24000,0.00000014095112500000
25000,0.00000014205400000000
26000,0.00000014082896153846
27000,0.00000014010185185185
28000,0.00000013904067857143
29000,0.00000013846220689655
30000,0.00000013935243333333
31000,0.00000014099522580645
32000,0.00000014053159375000
33000,0.00000014180578787879
34000,0.00000014320950000000
35000,0.00000014303931428571
36000,0.00000014193372222222
37000,0.00000014203783783784
38000,0.00000014974205263158
39000,0.00000014719197435897
40000,0.00000014781527500000
41000,0.00000014729358536585
42000,0.00000014750678571429
43000,0.00000014650397674419
44000,0.00000014469906818182
45000,0.00000014540848888889
46000,0.00000014526243478261
47000,0.00000014451906382979
48000,0.00000014438562500000
49000,0.00000014421981632653
50000,0.00000014350118000000
51000,0.00000014369476470588
52000,0.00000014349915384615
53000,0.00000014365843396226
54000,0.00000014405874074074
55000,0.00000014491432727273
56000,0.00000014536021428571
57000,0.00000014538854385965
58000,0.00000014612941379310
59000,0.00000014701655932203
60000,0.00000014583618333333
61000,0.00000014457834426230
62000,0.00000014475883870968
63000,0.00000014527684126984
64000,0.00000014518185937500
65000,0.00000014399916923077
66000,0.00000014440478787879
67000,0.00000014355686567164
68000,0.00000014442577941176
69000,0.00000014574139130435
70000,0.00000014439121428571
71000,0.00000014399818309859
72000,0.00000014402848611111
73000,0.00000014398117808219
74000,0.00000014418886486486
75000,0.00000014388076000000
76000,0.00000014403372368421
77000,0.00000014470390909091
78000,0.00000014495398717949
79000,0.00000014433007594937
80000,0.00000014445535000000
81000,0.00000014383970370370
82000,0.00000014486402439024
83000,0.00000014432373493976
84000,0.00000014358904761905
85000,0.00000014390363529412
86000,0.00000014337881395349
87000,0.00000014320983908046
88000,0.00000014356365909091
89000,0.00000014287078651685
90000,0.00000014297848888889
91000,0.00000014339641758242
92000,0.00000014529551086957
93000,0.00000014469829032258
94000,0.00000014321040425532
95000,0.00000014305124210526
96000,0.00000014291868750000
97000,0.00000014295525773196
98000,0.00000014308073469388
99000,0.00000014298339393939
100000,0.00000014356130000000
101000,0.00000014322009900990
102000,0.00000014378439215686
103000,0.00000014463404854369
104000,0.00000014337199038462
105000,0.00000014308272380952
106000,0.00000014327711320755
107000,0.00000014294484112150
108000,0.00000014310107407407
109000,0.00000014310665137615
110000,0.00000014535868181818
111000,0.00000014791578378378
112000,0.00000014779650000000
113000,0.00000014497517699115
114000,0.00000014592775438596
115000,0.00000014862022608696
116000,0.00000014189198275862
117000,0.00000015912693162393
118000,0.00000015818446610169
119000,0.00000014401368907563
120000,0.00000014351088333333
121000,0.00000014346422314050
122000,0.00000014319129508197
123000,0.00000014418438211382
124000,0.00000014401525000000
125000,0.00000014359873600000
126000,0.00000014388136507937
127000,0.00000014451972440945
128000,0.00000014322539843750
129000,0.00000014312093023256
130000,0.00000015775056923077
131000,0.00000014543151145038
132000,0.00000014415908333333
133000,0.00000014336301503759
134000,0.00000014337852985075
135000,0.00000014334342962963
136000,0.00000014358229411765
137000,0.00000014370258394161
138000,0.00000014353923188406
139000,0.00000014308346762590
140000,0.00000014296794285714
141000,0.00000014351632624113
142000,0.00000014594073239437
143000,0.00000014368748951049
144000,0.00000014337744444444
145000,0.00000014330362068966
146000,0.00000014391573972603
147000,0.00000014322734013605
148000,0.00000014358204054054
149000,0.00000014345170469799
150000,0.00000014421908000000
151000,0.00000014369481456954
152000,0.00000014342494078947
153000,0.00000014311220261438
154000,0.00000014302015584416
155000,0.00000014367461935484
156000,0.00000014656560897436
157000,0.00000014552229299363
158000,0.00000014373249367089
159000,0.00000014413481132075
160000,0.00000014545138125000
161000,0.00000014652616770186
162000,0.00000014457572222222
163000,0.00000014330426993865
164000,0.00000014287493292683
165000,0.00000014428353333333
166000,0.00000014292409036145
167000,0.00000014340987425150
168000,0.00000014398411904762
169000,0.00000014407135502959
170000,0.00000014309027647059
171000,0.00000014283852631579
172000,0.00000014930369767442
173000,0.00000013761237572254
174000,0.00000012899276436782
175000,0.00000012847324571429
176000,0.00000012871753977273
177000,0.00000012851846892655
178000,0.00000012711762359551
179000,0.00000012688327932961
180000,0.00000012839026666667
181000,0.00000012814198342541
182000,0.00000013438463736264
183000,0.00000013143816393443
184000,0.00000013998576086957
185000,0.00000014179402162162
186000,0.00000014220463440860
187000,0.00000014272559358289
188000,0.00000014333837765957
189000,0.00000014260116402116
190000,0.00000014286082631579
191000,0.00000014447270157068
192000,0.00000014969063541667
193000,0.00000014429146113990
194000,0.00000014402457216495
195000,0.00000014462976410256
196000,0.00000014472409693878
197000,0.00000014280796446701
198000,0.00000014339500505051
199000,0.00000014458975879397
200000,0.00000014434220500000
201000,0.00000014349386567164
202000,0.00000014380686138614
203000,0.00000015246337438424
204000,0.00000015203107843137
205000,0.00000014561721463415
206000,0.00000014357902912621
207000,0.00000014297654106280
208000,0.00000014298007211538
209000,0.00000014343188516746
210000,0.00000014319339523810
211000,0.00000014555280094787
212000,0.00000014458812735849
213000,0.00000014276392488263
214000,0.00000014297412616822
215000,0.00000014329277209302
216000,0.00000014253431018519
217000,0.00000014366165898618
218000,0.00000014306419266055
219000,0.00000014279227853881
220000,0.00000014434865000000
221000,0.00000014529925791855
222000,0.00000014556282432432
223000,0.00000014454803587444
224000,0.00000014558389732143
225000,0.00000014365584444444
226000,0.00000014294243362832
227000,0.00000014299322907489
228000,0.00000014370189912281
229000,0.00000014319770742358
230000,0.00000014372397391304
231000,0.00000014301699134199
232000,0.00000014292699137931
233000,0.00000014274393133047
234000,0.00000014268677777778
235000,0.00000014292023829787
236000,0.00000014266540254237
237000,0.00000014280812658228
238000,0.00000014759027310924
239000,0.00000014703341841004
240000,0.00000014430124583333
241000,0.00000014307460580913
242000,0.00000014260762809917
243000,0.00000014310586008230
244000,0.00000014383101639344
245000,0.00000014464611428571
246000,0.00000014491458130081
247000,0.00000014531223886640
248000,0.00000014981573790323
249000,0.00000014591570682731
250000,0.00000014522112000000
251000,0.00000014300626294821
252000,0.00000014292689682540
253000,0.00000014401767193676
254000,0.00000014326040551181
255000,0.00000015140549019608
256000,0.00000014409222656250
257000,0.00000014310002334630
258000,0.00000014290954263566
259000,0.00000014268816988417
260000,0.00000014263573076923
261000,0.00000014263600000000
262000,0.00000014034597709924
263000,0.00000014259190114068
264000,0.00000014339689015152
265000,0.00000014310156603774
266000,0.00000014251315037594
267000,0.00000014362759925094
268000,0.00000014292487686567
269000,0.00000014487243866171
270000,0.00000014309637407407
271000,0.00000014511781549815
272000,0.00000014572955514706
273000,0.00000014536651282051
274000,0.00000014388564963504
275000,0.00000014329059636364
276000,0.00000014342369927536
277000,0.00000014293470397112
278000,0.00000014316910071942
279000,0.00000014281982437276
280000,0.00000014293940000000
281000,0.00000014231675088968
282000,0.00000014291096808511
283000,0.00000014254358303887
284000,0.00000014291673943662
285000,0.00000014690025614035
286000,0.00000014120867482517
287000,0.00000014238460278746
288000,0.00000014223683333333
289000,0.00000014306314186851
290000,0.00000014337018965517
291000,0.00000014380618213058
292000,0.00000014384599315068
293000,0.00000014413029351536
294000,0.00000014709502380952
295000,0.00000014969606101695
296000,0.00000014321096283784
297000,0.00000014687270370370
298000,0.00000014903056040268
299000,0.00000014397387290970
300000,0.00000014326455666667
301000,0.00000014243254152824
302000,0.00000014247085761589
303000,0.00000014225989438944
304000,0.00000014248047697368
305000,0.00000014382531147541
306000,0.00000014298949346405
307000,0.00000014299417589577
308000,0.00000014191594805195
309000,0.00000014274599676375
310000,0.00000014403500967742
311000,0.00000014303717363344
312000,0.00000014523066025641
313000,0.00000014389648562300
314000,0.00000014318148089172
315000,0.00000014585840952381
316000,0.00000014339557278481
317000,0.00000014342712933754
318000,0.00000014384257547170
319000,0.00000014241504702194
320000,0.00000014232592812500
321000,0.00000014230941121495
322000,0.00000014217961490683
323000,0.00000014218539009288
324000,0.00000014341174691358
325000,0.00000014295152923077
326000,0.00000014549402760736
327000,0.00000014249675535168
328000,0.00000014259212804878
329000,0.00000014434561398176
330000,0.00000014324017272727
331000,0.00000014419994259819
332000,0.00000014284503313253
333000,0.00000014643760660661
334000,0.00000014345891616766
335000,0.00000014256949552239
336000,0.00000015097893154762
337000,0.00000014374301186944
338000,0.00000014274555621302
339000,0.00000014238537168142
340000,0.00000014253732058824
341000,0.00000014247373313783
342000,0.00000014515835672515
343000,0.00000014307341982507
344000,0.00000014247275872093
345000,0.00000014219628405797
346000,0.00000014265515317919
347000,0.00000014440942939481
348000,0.00000014440823563218
349000,0.00000014426806590258
350000,0.00000014344503142857
351000,0.00000014368475783476
352000,0.00000014284852272727
353000,0.00000014283088101983
354000,0.00000014310824293785
355000,0.00000014248010704225
356000,0.00000014232313202247
357000,0.00000014211291316527
358000,0.00000014242558100559
359000,0.00000014360147075209
360000,0.00000014786105277778
361000,0.00000014249924376731
362000,0.00000014275946685083
363000,0.00000014300653443526
364000,0.00000014434791208791
365000,0.00000014856444109589
366000,0.00000014286050546448
367000,0.00000014313099727520
368000,0.00000014387981793478
369000,0.00000014251079132791
370000,0.00000014837712972973
371000,0.00000014334368194070
372000,0.00000014242054838710
373000,0.00000014225415281501
374000,0.00000014230956684492
375000,0.00000014206246933333
376000,0.00000014315270744681
377000,0.00000014315150663130
378000,0.00000014214592328042
379000,0.00000014234365963061
380000,0.00000014360468157895
381000,0.00000014366550656168
382000,0.00000014336156282723
383000,0.00000014311471540470
384000,0.00000014505398177083
385000,0.00000014245583116883
386000,0.00000014282035492228
387000,0.00000014311745736434
388000,0.00000014256656701031
389000,0.00000014252853470437
390000,0.00000014239498461538
391000,0.00000014740651918159
392000,0.00000014329268112245
393000,0.00000014245548091603
394000,0.00000014233314213198
395000,0.00000014324049620253
396000,0.00000014315768181818
397000,0.00000014506987657431
398000,0.00000014240427638191
399000,0.00000014621405263158
400000,0.00000014728528500000
401000,0.00000014777966334165
402000,0.00000014778125124378
403000,0.00000014371678411911
404000,0.00000014229648514851
405000,0.00000014226853580247
406000,0.00000014331400492611
407000,0.00000014364910073710
408000,0.00000014258995588235
409000,0.00000014228955256724
410000,0.00000014360753170732
411000,0.00000014322897810219
412000,0.00000014403549514563
413000,0.00000014217631476998
414000,0.00000014396904106280
415000,0.00000014338875903614
416000,0.00000014292525961538
417000,0.00000014272953477218
418000,0.00000014311824641148
419000,0.00000015266460620525
420000,0.00000014784806666667
421000,0.00000014327408551069
422000,0.00000014282674170616
423000,0.00000014248710638298
424000,0.00000014314067452830
425000,0.00000014420229882353
426000,0.00000014581010798122
427000,0.00000014251270960187
428000,0.00000014363230841121
429000,0.00000014386874358974
430000,0.00000014312960465116
431000,0.00000014828318561485
432000,0.00000014327897685185
433000,0.00000014260339260970
434000,0.00000014241679032258
435000,0.00000014354192183908
436000,0.00000014384660321101
437000,0.00000014222781922197
438000,0.00000014296579223744
439000,0.00000014358167198178
440000,0.00000014459316136364
441000,0.00000014228413832200
442000,0.00000014232071945701
443000,0.00000014324803160271
444000,0.00000014248867342342
445000,0.00000014302126741573
446000,0.00000014221128699552
447000,0.00000014249526398210
448000,0.00000014240663392857
449000,0.00000014336564365256
450000,0.00000014697871111111
451000,0.00000014278997560976
452000,0.00000014371158849558
453000,0.00000014348484105960
454000,0.00000014637991629956
455000,0.00000014215746593407
456000,0.00000014367517543860
457000,0.00000014237779431072
458000,0.00000014671289737991
459000,0.00000014364733986928
460000,0.00000014218046304348
461000,0.00000014224663340564
462000,0.00000014291306709957
463000,0.00000014301338444924
464000,0.00000014298616163793
465000,0.00000014392254408602
466000,0.00000014350219527897
467000,0.00000014481912633833
468000,0.00000014408460470085
469000,0.00000014355902132196
470000,0.00000014260194042553
471000,0.00000014283341613588
472000,0.00000014234175211864
473000,0.00000014262916067653
474000,0.00000015176950000000
475000,0.00000014605306315789
476000,0.00000014315817016807
477000,0.00000014237988679245
478000,0.00000014383543514644
479000,0.00000014347487473904
480000,0.00000014514434583333
481000,0.00000014235319126819
482000,0.00000015043520539419
483000,0.00000014214363146998
484000,0.00000014853510950413
485000,0.00000014177099381443
486000,0.00000014213489711934
487000,0.00000014270864271047
488000,0.00000014298874795082
489000,0.00000014333996523517
490000,0.00000014498212857143
491000,0.00000014347373930754
492000,0.00000014524621747967
493000,0.00000014239064908722
494000,0.00000014833273481781
495000,0.00000014894513737374
496000,0.00000014848594153226
497000,0.00000014610691750503
498000,0.00000014806531726908
499000,0.00000014705707214429
500000,0.00000014352407200000
501000,0.00000014265152095808
502000,0.00000014327652589641
503000,0.00000014276306361829
504000,0.00000014411755952381
505000,0.00000014541263960396
506000,0.00000014250649011858
507000,0.00000014279646153846
508000,0.00000014868641535433
509000,0.00000014300761100196
510000,0.00000014231156470588
511000,0.00000014226359491194
512000,0.00000014319115234375
513000,0.00000014361916959064
514000,0.00000014531959533074
515000,0.00000014350691844660
516000,0.00000014356300387597
517000,0.00000014212681044487
518000,0.00000014312255598456
519000,0.00000014210876107900
520000,0.00000014540870384615
521000,0.00000014222182917466
522000,0.00000014643840804598
523000,0.00000014214246845124
524000,0.00000014458400572519
525000,0.00000014491537142857
526000,0.00000014552311406844
527000,0.00000014838275332068
528000,0.00000014339265151515
529000,0.00000014195369565217
530000,0.00000014740707169811
531000,0.00000014898782862524
532000,0.00000014305115977444
533000,0.00000014297701125704
534000,0.00000014246200187266
535000,0.00000014256970467290
536000,0.00000014288253731343
537000,0.00000014596487709497
538000,0.00000014315657806691
539000,0.00000014483787012987
540000,0.00000014219005740741
541000,0.00000014409864695009
542000,0.00000014762863468635
543000,0.00000014404890607735
544000,0.00000014232122977941
545000,0.00000014215028440367
546000,0.00000014246475641026
547000,0.00000014334847714808
548000,0.00000014611297810219
549000,0.00000014331574863388
550000,0.00000014416617818182
551000,0.00000014277067695100
552000,0.00000014985809963768
553000,0.00000014799354611212
554000,0.00000014297870758123
555000,0.00000014277141081081
556000,0.00000014227437769784
557000,0.00000014551577019749
558000,0.00000014342025806452
559000,0.00000014664026475850
560000,0.00000014354072500000
561000,0.00000014383210516934
562000,0.00000014212376690391
563000,0.00000014345226110124
564000,0.00000014540995921986
565000,0.00000014249792212389
566000,0.00000014219522968198
567000,0.00000014201532627866
568000,0.00000014242998239437
569000,0.00000014622573110721
570000,0.00000014315325087719
571000,0.00000014363965674256
572000,0.00000014306267307692
573000,0.00000014204758638743
574000,0.00000014335523344948
575000,0.00000014641300000000
576000,0.00000014251745312500
577000,0.00000014213874176776
578000,0.00000014196217474048
579000,0.00000014246741796200
580000,0.00000014575518448276
581000,0.00000014269198450947
582000,0.00000014433517353952
583000,0.00000014252344082333
584000,0.00000014316178082192
585000,0.00000014474924957265
586000,0.00000014252012286689
587000,0.00000014208160988075
588000,0.00000014199289965986
589000,0.00000014259800848896
590000,0.00000014844112542373
591000,0.00000014215254991540
592000,0.00000014683192398649
593000,0.00000014254809949410
594000,0.00000014263048653199
595000,0.00000015195942184874
596000,0.00000014235485402685
597000,0.00000014237512395310
598000,0.00000014140887792642
599000,0.00000014205730550918
600000,0.00000014536166166667
601000,0.00000014237079866889
602000,0.00000014226943853821
603000,0.00000014360206799337
604000,0.00000014233977649007
605000,0.00000014580874545455
606000,0.00000014165265181518
607000,0.00000014264002965404
608000,0.00000014231410690789
609000,0.00000014153498522167
610000,0.00000014612109836066
611000,0.00000014255326350245
612000,0.00000014141086601307
613000,0.00000014334574388254
614000,0.00000014122537947883
615000,0.00000015228120650407
616000,0.00000014157251136364
617000,0.00000014216326904376
618000,0.00000014208391100324
619000,0.00000014196452988691
620000,0.00000014517474032258
621000,0.00000014285443639291
622000,0.00000014220159967846
623000,0.00000014302405296950
624000,0.00000014160601282051
625000,0.00000014492068000000
626000,0.00000014407008466454
627000,0.00000014148392503987
628000,0.00000014130288057325
629000,0.00000014189500794913
630000,0.00000014377100000000
631000,0.00000014205398732171
632000,0.00000014239651424051
633000,0.00000014546847709321
634000,0.00000014567138328076
635000,0.00000014288409291339
636000,0.00000014177363364780
637000,0.00000014129257927786
638000,0.00000014122137304075
639000,0.00000014457151799687
640000,0.00000014220658750000
641000,0.00000014128431825273
642000,0.00000014431104984424
643000,0.00000014249801555210
644000,0.00000014460409316770
645000,0.00000014101313023256
646000,0.00000014151808978328
647000,0.00000014083609119011
648000,0.00000014448300308642
649000,0.00000014586444684129
650000,0.00000014119979384615
651000,0.00000014452544086022
652000,0.00000014219380674847
653000,0.00000014664826952527
654000,0.00000016761285168196
655000,0.00000014200378320611
656000,0.00000014105234451220
657000,0.00000014184443226788
658000,0.00000014414390121581
659000,0.00000014250623672231
660000,0.00000014200737878788
661000,0.00000014226723298033
662000,0.00000014465084138973
663000,0.00000014176217043741
664000,0.00000014114006777108
665000,0.00000014142574285714
666000,0.00000014124013813814
667000,0.00000014186606296852
668000,0.00000014333757485030
669000,0.00000014092197309417
670000,0.00000014222480149254
671000,0.00000014179151415797
672000,0.00000014927137053571
673000,0.00000014132215304606
674000,0.00000014187419139466
675000,0.00000014110204296296
676000,0.00000014260523224852
677000,0.00000014474711521418
678000,0.00000014919536725664
679000,0.00000014204435787923
680000,0.00000014119595735294
681000,0.00000014252386490455
682000,0.00000014085626392962
683000,0.00000014127660175695
684000,0.00000014100060526316
685000,0.00000014184816204380
686000,0.00000014344438921283
687000,0.00000014112817903930
688000,0.00000014213217296512
689000,0.00000014239551669086
690000,0.00000014462450869565
691000,0.00000014101873661360
692000,0.00000014152351589595
693000,0.00000014116384992785
694000,0.00000014234326512968
695000,0.00000014186637266187
696000,0.00000014183995977011
697000,0.00000014078679053085
698000,0.00000014158363753582
699000,0.00000014137913161660
700000,0.00000014124074428571
701000,0.00000014105109985735
702000,0.00000014192841880342
703000,0.00000014263386201991
704000,0.00000014422458806818
705000,0.00000014425730921986
706000,0.00000014103499291785
707000,0.00000014435859547383
708000,0.00000014123492090395
709000,0.00000014143171509168
710000,0.00000014113372535211
711000,0.00000014150100421941
712000,0.00000014299886797753
713000,0.00000014098529032258
714000,0.00000014149948459384
715000,0.00000014137410349650
716000,0.00000014281363966480
717000,0.00000014353491631799
718000,0.00000014124119220056
719000,0.00000014153791655076
720000,0.00000014143473333333
721000,0.00000014183400832178
722000,0.00000014108533795014
723000,0.00000014450236376210
724000,0.00000014431712707182
725000,0.00000014250312275862
726000,0.00000014083484573003
727000,0.00000014119755570839
728000,0.00000014225299175824
729000,0.00000014211724965706
730000,0.00000014085937671233
731000,0.00000014174351846785
732000,0.00000014186687021858
733000,0.00000014434070668486
734000,0.00000014107206403270
735000,0.00000014135510884354
736000,0.00000014278256385870
737000,0.00000014117471641791
738000,0.00000014191634688347
739000,0.00000014154110419486
740000,0.00000014109319189189
741000,0.00000014541301349528
742000,0.00000014165242587601
743000,0.00000014099627456258
744000,0.00000014162346236559
745000,0.00000014154952885906
746000,0.00000014165368766756
747000,0.00000014144836680054
748000,0.00000014074184893048
749000,0.00000014179603204272
750000,0.00000014118676933333
751000,0.00000014081746870839
752000,0.00000014126063696809
753000,0.00000014236349535193
754000,0.00000014353388992042
755000,0.00000014260656953642
756000,0.00000014166250925926
757000,0.00000014427393130779
758000,0.00000014119301451187
759000,0.00000014105711462451
760000,0.00000014105499868421
761000,0.00000014196591721419
762000,0.00000014172990288714
763000,0.00000014178554128440
764000,0.00000014188156675393
765000,0.00000014145182483660
766000,0.00000014117087336815
767000,0.00000014117726857888
768000,0.00000014097113671875
769000,0.00000014328949154746
770000,0.00000014190206103896
771000,0.00000014180523086900
772000,0.00000014123186010363
773000,0.00000014494777360931
774000,0.00000014147648191214
775000,0.00000014131926451613
776000,0.00000014138706443299
777000,0.00000014233816859717
778000,0.00000014086247943445
779000,0.00000014182296020539
780000,0.00000014065060000000
781000,0.00000014589093854033
782000,0.00000014006377877238
783000,0.00000014071436653895
784000,0.00000014145817729592
785000,0.00000014154097579618
786000,0.00000014162274045802
787000,0.00000014117639517154
788000,0.00000014079488959391
789000,0.00000014506590494297
790000,0.00000014114866708861
791000,0.00000014085534260430
792000,0.00000014132251515152
793000,0.00000014143080706179
794000,0.00000014150335012594
795000,0.00000014196846540881
796000,0.00000014092457286432
797000,0.00000014371458845671
798000,0.00000014098421804511
799000,0.00000014123162202753
