Number of Words,Time
2,0.00000002204700000000
4,0.00000002144200000000
8,0.00000002142500000000
16,0.00000002147800000000
32,0.00000002450600000000
64,0.00000002856700000000
128,0.00000002690200000000
256,0.00000002709400000000
512,0.00000002739100000000
1024,0.00000003047000000000
2048,0.00000003216700000000
4096,0.00000003527100000000
8192,0.00000003901800000000
16384,0.00000005262400000000
32768,0.00000006030300000000
65536,0.00000009271400000000
131072,0.00000012484200000000
262144,0.00000013707300000000
524288,0.00000014731300000000
1048576,0.00000015797100000000
2097152,0.00000018735400000000
4194304,0.00000020885000000000
8388608,0.00000022102700000000
16777216,0.00000020478400000000
