Number of Words,Time
2,0.00000002201400000000
4,0.00000002151200000000
8,0.00000002154900000000
16,0.00000002157400000000
32,0.00000002507500000000
64,0.00000002836100000000
128,0.00000002777000000000
256,0.00000002751100000000
512,0.00000002754200000000
1024,0.00000002982000000000
2048,0.00000003220900000000
4096,0.00000003413900000000
8192,0.00000004098100000000
16384,0.00000005101700000000
32768,0.00000006122200000000
65536,0.00000008146600000000
131072,0.00000011712400000000
262144,0.00000013916600000000
524288,0.00000015500500000000
1048576,0.00000017616000000000
2097152,0.00000019470100000000
4194304,0.00000021312700000000
8388608,0.00000022991500000000
16777216,0.00000021249300000000
