Number of Words,Time
2,0.00000002217300000000
4,0.00000002148000000000
8,0.00000002513300000000
16,0.00000002149200000000
32,0.00000002429800000000
64,0.00000002808200000000
128,0.00000002744800000000
256,0.00000002701200000000
512,0.00000002821000000000
1024,0.00000002975500000000
2048,0.00000003268400000000
4096,0.00000003475700000000
8192,0.00000004089300000000
16384,0.00000004922500000000
32768,0.00000006766700000000
65536,0.00000009225000000000
131072,0.00000012689800000000
262144,0.00000014116500000000
524288,0.00000015248000000000
1048576,0.00000017525100000000
2097152,0.00000019826100000000
4194304,0.00000021305700000000
8388608,0.00000022803700000000
16777216,0.00000021184600000000
