Number of Words,Time
1000,0.00000016697900000000
2000,0.00000015553450000000
3000,0.00000015361666666667
4000,0.00000015015025000000
5000,0.00000014909080000000
6000,0.00000014631816666667
7000,0.00000014330371428571
8000,0.00000013907712500000
9000,0.00000013787022222222
10000,0.00000013207240000000
11000,0.00000012891309090909
12000,0.00000012721958333333
13000,0.00000012504353846154
14000,0.00000012776350000000
15000,0.00000013082620000000
16000,0.00000013600718750000
17000,0.00000013761682352941
18000,0.00000013941272222222
19000,0.00000014113247368421
20000,0.00000014108460000000
21000,0.00000014115900000000
22000,0.00000014400781818182
23000,0.00000014520478260870
24000,0.00000015931870833333
25000,0.00000017156700000000
26000,0.00000016158592307692
27000,0.00000015277374074074
28000,0.00000014880278571429
29000,0.00000014631248275862
30000,0.00000014468263333333
31000,0.00000014432925806452
32000,0.00000015067634375000
33000,0.00000015272430303030
34000,0.00000014838850000000
35000,0.00000014553091428571
36000,0.00000014415841666667
37000,0.00000014394397297297
38000,0.00000015204331578947
39000,0.00000015312933333333
40000,0.00000014994560000000
41000,0.00000014522109756098
42000,0.00000014517878571429
43000,0.00000014444162790698
44000,0.00000014619663636364
45000,0.00000014828435555556
46000,0.00000014619758695652
47000,0.00000014609263829787
48000,0.00000014432112500000
49000,0.00000014335302040816
50000,0.00000014342888000000
51000,0.00000014324258823529
52000,0.00000014303536538462
53000,0.00000014409984905660
54000,0.00000014323853703704
55000,0.00000014342985454545
56000,0.00000014450703571429
57000,0.00000014417777192982
58000,0.00000014486922413793
59000,0.00000014379525423729
60000,0.00000014400850000000
61000,0.00000014424914754098
62000,0.00000014480306451613
63000,0.00000014381649206349
64000,0.00000014316432812500
65000,0.00000014338881538462
66000,0.00000014309687878788
67000,0.00000014307420895522
68000,0.00000014306647058824
69000,0.00000014347192753623
70000,0.00000014341488571429
71000,0.00000014363983098592
72000,0.00000014345304166667
73000,0.00000014331972602740
74000,0.00000014324008108108
75000,0.00000014324817333333
76000,0.00000014316019736842
77000,0.00000014288942857143
78000,0.00000014407155128205
79000,0.00000014516206329114
80000,0.00000014589037500000
81000,0.00000014478469135802
82000,0.00000014340546341463
83000,0.00000014500836144578
84000,0.00000014617752380952
85000,0.00000014695082352941
86000,0.00000015324924418605
87000,0.00000014672321839080
88000,0.00000014416719318182
89000,0.00000014323089887640
90000,0.00000014372523333333
91000,0.00000014464364835165
92000,0.00000014527764130435
93000,0.00000014457598924731
94000,0.00000014415342553191
95000,0.00000014390181052632
96000,0.00000014356890625000
97000,0.00000014392157731959
98000,0.00000014499755102041
99000,0.00000014318066666667
100000,0.00000014301935000000
101000,0.00000014310412871287
102000,0.00000014331641176471
103000,0.00000014329955339806
104000,0.00000014289427884615
105000,0.00000014307381904762
106000,0.00000014294112264151
107000,0.00000014297596261682
108000,0.00000014368650000000
109000,0.00000014448076146789
110000,0.00000014428004545455
111000,0.00000014513275675676
112000,0.00000014320810714286
113000,0.00000014619752212389
114000,0.00000015213464035088
115000,0.00000014892740000000
116000,0.00000014806320689655
117000,0.00000014473237606838
118000,0.00000014553494915254
119000,0.00000014405892436975
120000,0.00000014320679166667
121000,0.00000014295720661157
122000,0.00000014312177868852
123000,0.00000014360351219512
124000,0.00000014432812096774
125000,0.00000014355028800000
126000,0.00000014428642857143
127000,0.00000014334924409449
128000,0.00000014381835156250
129000,0.00000014304251162791
130000,0.00000014374666923077
131000,0.00000014310613740458
132000,0.00000014303581818182
133000,0.00000014309249624060
134000,0.00000014464091791045
135000,0.00000014334932592593
136000,0.00000014430998529412
137000,0.00000014394122627737
138000,0.00000014510692028986
139000,0.00000015107553237410
140000,0.00000014460551428571
141000,0.00000014425146808511
142000,0.00000014461510563380
143000,0.00000014452381118881
144000,0.00000014354462500000
145000,0.00000014320545517241
146000,0.00000014386385616438
147000,0.00000014454881632653
148000,0.00000014315737162162
149000,0.00000014342206040268
150000,0.00000014308642666667
151000,0.00000014312608609272
152000,0.00000014325315131579
153000,0.00000014323117647059
154000,0.00000014357846753247
155000,0.00000014427978709677
156000,0.00000015682610256410
157000,0.00000014821150955414
158000,0.00000014758327215190
159000,0.00000014763666037736
160000,0.00000014535735625000
161000,0.00000014436257142857
162000,0.00000014272438888889
163000,0.00000014273993865031
164000,0.00000014305179878049
165000,0.00000014409510303030
166000,0.00000014348219879518
167000,0.00000014350356886228
168000,0.00000014368107142857
169000,0.00000014317743195266
170000,0.00000014552246470588
171000,0.00000014883127485380
172000,0.00000015229525000000
173000,0.00000014444217341040
174000,0.00000014304607471264
175000,0.00000014439432000000
176000,0.00000015056991477273
177000,0.00000014564420338983
178000,0.00000014355629213483
179000,0.00000014406054748603
180000,0.00000014342933888889
181000,0.00000014263964640884
182000,0.00000014259698901099
183000,0.00000014351653005464
184000,0.00000014753327173913
185000,0.00000014302176756757
186000,0.00000014255605376344
187000,0.00000014264701604278
188000,0.00000014420525531915
189000,0.00000014343119047619
190000,0.00000014375268947368
191000,0.00000014833184293194
192000,0.00000015058096875000
193000,0.00000014564210362694
194000,0.00000014495336082474
195000,0.00000014253975384615
196000,0.00000014273813775510
197000,0.00000014238213705584
198000,0.00000014303961111111
199000,0.00000014280417085427
200000,0.00000014313328500000
201000,0.00000014277378606965
202000,0.00000014237753960396
203000,0.00000014236539901478
204000,0.00000014271918137255
205000,0.00000014324985365854
206000,0.00000014333987864078
207000,0.00000014850124637681
208000,0.00000015213848076923
209000,0.00000014394136363636
210000,0.00000014369687142857
211000,0.00000014293133649289
212000,0.00000014244751415094
213000,0.00000014328823474178
214000,0.00000014289734112150
215000,0.00000014241266976744
216000,0.00000014252126851852
217000,0.00000014258678341014
218000,0.00000014321472477064
219000,0.00000015174108675799
220000,0.00000016758087272727
221000,0.00000015411767873303
222000,0.00000014950078378378
223000,0.00000014302832286996
224000,0.00000014232237500000
225000,0.00000014243356000000
226000,0.00000014249326548673
227000,0.00000014290203964758
228000,0.00000014315800438596
229000,0.00000014267248908297
230000,0.00000014232794347826
231000,0.00000014229377922078
232000,0.00000014303395258621
233000,0.00000014325003862661
234000,0.00000014780597008547
235000,0.00000014290265106383
236000,0.00000014667483898305
237000,0.00000014325025738397
238000,0.00000014248720588235
239000,0.00000014187081171548
240000,0.00000014298702500000
241000,0.00000014228423236515
242000,0.00000014195587190083
243000,0.00000014277485596708
244000,0.00000014230379508197
245000,0.00000014337406530612
246000,0.00000014883386585366
247000,0.00000014381425101215
248000,0.00000015487325403226
249000,0.00000014048914859438
250000,0.00000014090622400000
251000,0.00000014162467729084
252000,0.00000014163070238095
253000,0.00000014316099604743
254000,0.00000014235762204724
255000,0.00000014204000392157
256000,0.00000014265150781250
257000,0.00000014276271206226
258000,0.00000014622745736434
259000,0.00000014270555598456
260000,0.00000014479035384615
261000,0.00000014300378160920
262000,0.00000014177792748092
263000,0.00000014167157414449
264000,0.00000014370957954545
265000,0.00000014220747924528
266000,0.00000014200392857143
267000,0.00000014251293632959
268000,0.00000014234222014925
269000,0.00000014576889962825
270000,0.00000014530885925926
271000,0.00000014387790405904
272000,0.00000014295169117647
273000,0.00000014257505860806
274000,0.00000016340739416058
275000,0.00000016851541090909
276000,0.00000016967307608696
277000,0.00000014461953429603
278000,0.00000014333055755396
279000,0.00000014270418637993
280000,0.00000014570063214286
281000,0.00000014313610320285
282000,0.00000014458374822695
283000,0.00000014308529328622
284000,0.00000014194641197183
285000,0.00000014177984210526
286000,0.00000014275109090909
287000,0.00000014179921602787
288000,0.00000015011373263889
289000,0.00000014251885813149
290000,0.00000014668026206897
291000,0.00000014318279381443
292000,0.00000014297453082192
293000,0.00000014161094539249
294000,0.00000014220865986395
295000,0.00000014184930169492
296000,0.00000014195747297297
297000,0.00000014221623232323
298000,0.00000014142640268456
299000,0.00000014228502341137
300000,0.00000014400111000000
301000,0.00000014432982724252
302000,0.00000014382130132450
303000,0.00000014300270627063
304000,0.00000014148225000000
305000,0.00000014130492459016
306000,0.00000014202150980392
307000,0.00000014152314983713
308000,0.00000014236755844156
309000,0.00000014179471844660
310000,0.00000014639638387097
311000,0.00000015423952411576
312000,0.00000015014662820513
313000,0.00000014254104153355
314000,0.00000014875309554140
315000,0.00000014126987619048
316000,0.00000014219482278481
317000,0.00000014187962776025
318000,0.00000014206604088050
319000,0.00000014207932915361
320000,0.00000014511062500000
321000,0.00000014407514330218
322000,0.00000014458181677019
323000,0.00000014169961609907
324000,0.00000014207230246914
325000,0.00000014205827692308
326000,0.00000014251112576687
327000,0.00000014153105810398
328000,0.00000014192798780488
329000,0.00000014556119756839
330000,0.00000014738328181818
331000,0.00000014267462235650
332000,0.00000014169146987952
333000,0.00000014186518018018
334000,0.00000014309680538922
335000,0.00000014158462388060
336000,0.00000014195107142857
337000,0.00000014206228189911
338000,0.00000014511096449704
339000,0.00000014143253687316
340000,0.00000014852768529412
341000,0.00000014185968914956
342000,0.00000014102635087719
343000,0.00000014144193877551
344000,0.00000014123603779070
345000,0.00000014168935362319
346000,0.00000014227614739884
347000,0.00000015127639193084
348000,0.00000014385496839080
349000,0.00000014305568767908
350000,0.00000014808164571429
351000,0.00000014197936752137
352000,0.00000014207680965909
353000,0.00000014143886968839
354000,0.00000014222872033898
355000,0.00000014497434366197
356000,0.00000014184499438202
357000,0.00000014273621008403
358000,0.00000014375578491620
359000,0.00000014118654874652
360000,0.00000014160349444444
361000,0.00000014125357063712
362000,0.00000014123990055249
363000,0.00000014295823691460
364000,0.00000014404155769231
365000,0.00000014453185753425
366000,0.00000014643395355191
367000,0.00000014193391280654
368000,0.00000014154814402174
369000,0.00000014138605691057
370000,0.00000014180954054054
371000,0.00000014190475741240
372000,0.00000014471490860215
373000,0.00000014183713672922
374000,0.00000014382637967914
375000,0.00000014188670933333
376000,0.00000014292314095745
377000,0.00000014090472679045
378000,0.00000014108534391534
379000,0.00000014166399736148
380000,0.00000014463512631579
381000,0.00000014250351968504
382000,0.00000015099927748691
383000,0.00000014139386161880
384000,0.00000014108212500000
385000,0.00000014521842077922
386000,0.00000014566095595855
387000,0.00000014376273643411
388000,0.00000014275459278351
389000,0.00000014278959383033
390000,0.00000014313042820513
391000,0.00000014368326086957
392000,0.00000014140906122449
393000,0.00000014101015521628
394000,0.00000014128456345178
395000,0.00000014447551898734
396000,0.00000014345048989899
397000,0.00000014126964231738
398000,0.00000014329788190955
399000,0.00000014158448120301
400000,0.00000014193244500000
401000,0.00000014186462094763
402000,0.00000014196425621891
403000,0.00000014429025558313
404000,0.00000014249185891089
405000,0.00000014314881975309
406000,0.00000014182639162562
407000,0.00000014118453808354
408000,0.00000014104884558824
409000,0.00000014137801466993
410000,0.00000014425452682927
411000,0.00000014268775669100
412000,0.00000014123915048544
413000,0.00000014318936077482
414000,0.00000014139555797101
415000,0.00000014141801204819
416000,0.00000014613696875000
417000,0.00000014175697841727
418000,0.00000014112138995215
419000,0.00000014231250357995
420000,0.00000014385279285714
421000,0.00000014218492399050
422000,0.00000014123624881517
423000,0.00000014096926241135
424000,0.00000014110803066038
425000,0.00000014238530588235
426000,0.00000014308934976526
427000,0.00000014215009836066
428000,0.00000014101500467290
429000,0.00000014133346620047
430000,0.00000014208539534884
431000,0.00000014167398839907
432000,0.00000014123492361111
433000,0.00000014205963048499
434000,0.00000014386141705069
435000,0.00000014350437011494
436000,0.00000014093186697248
437000,0.00000014076065675057
438000,0.00000014158562785388
439000,0.00000014333875398633
440000,0.00000014480098409091
441000,0.00000014731651927438
442000,0.00000014205289592760
443000,0.00000014124430022573
444000,0.00000014707559459459
445000,0.00000014183112584270
446000,0.00000014114885426009
447000,0.00000014225256599553
448000,0.00000014153575000000
449000,0.00000014299489309577
450000,0.00000014160471111111
451000,0.00000014426177605322
452000,0.00000014443644469027
453000,0.00000014347293818985
454000,0.00000014214929074890
455000,0.00000014244777582418
456000,0.00000014129207675439
457000,0.00000014164786870897
458000,0.00000014152540829694
459000,0.00000014081618736383
460000,0.00000014203434782609
461000,0.00000014146488720174
462000,0.00000014316448701299
463000,0.00000014126688120950
464000,0.00000014236005818966
465000,0.00000014014980860215
466000,0.00000014233357081545
467000,0.00000014148883940043
468000,0.00000014937321153846
469000,0.00000014078711087420
470000,0.00000014672790638298
471000,0.00000014273816348195
472000,0.00000014108193008475
473000,0.00000014219062156448
474000,0.00000014085699367089
475000,0.00000014297820210526
476000,0.00000014121807563025
477000,0.00000014188566247379
478000,0.00000014117164853556
479000,0.00000015159123173278
480000,0.00000013861697291667
481000,0.00000014452711850312
482000,0.00000014135699792531
483000,0.00000014210723602484
484000,0.00000014196637809917
485000,0.00000014132837938144
486000,0.00000014190518312757
487000,0.00000014118281724846
488000,0.00000014228307786885
489000,0.00000014086661349693
490000,0.00000014118047755102
491000,0.00000014102448065173
492000,0.00000014129533130081
493000,0.00000015755972008114
494000,0.00000014953395951417
495000,0.00000014624215353535
496000,0.00000014254785282258
497000,0.00000014083816901408
498000,0.00000014213042971888
499000,0.00000014126611422846
500000,0.00000014375756200000
501000,0.00000014085333333333
502000,0.00000014133304780876
503000,0.00000014127677932406
504000,0.00000014102089682540
505000,0.00000014292284554455
506000,0.00000014240555138340
507000,0.00000014175428402367
508000,0.00000014277140748032
509000,0.00000014071000000000
510000,0.00000014188904901961
511000,0.00000014090040704501
512000,0.00000014568232226563
513000,0.00000014096556725146
514000,0.00000014143823540856
515000,0.00000014101368349515
516000,0.00000014072681395349
517000,0.00000014739160348162
518000,0.00000014183719111969
519000,0.00000014745760693642
520000,0.00000014224246538462
521000,0.00000014169465259117
522000,0.00000014157033908046
523000,0.00000014278314722753
524000,0.00000014256264312977
525000,0.00000014117599047619
526000,0.00000014129643726236
527000,0.00000014090893168880
528000,0.00000014084113825758
529000,0.00000014428846880907
530000,0.00000014151158113208
531000,0.00000014217784180791
532000,0.00000014138840037594
533000,0.00000014175363227017
534000,0.00000014082501123596
535000,0.00000014137442242991
536000,0.00000014180781343284
537000,0.00000014118703538175
538000,0.00000014095704646840
539000,0.00000014256105751391
540000,0.00000014125601666667
541000,0.00000014693021441774
542000,0.00000014646323985240
543000,0.00000014184737753223
544000,0.00000014225940257353
545000,0.00000014082770642202
546000,0.00000014084377289377
547000,0.00000014256076965265
548000,0.00000014116653467153
549000,0.00000014086284881603
550000,0.00000014063816000000
551000,0.00000014204106170599
552000,0.00000014527626992754
553000,0.00000014786313562387
554000,0.00000014732747111913
555000,0.00000014733983063063
556000,0.00000014627566007194
557000,0.00000014693938420108
558000,0.00000014793049283154
559000,0.00000014686092307692
560000,0.00000014668982321429
561000,0.00000014975244741533
562000,0.00000014891959430605
563000,0.00000014961518117229
564000,0.00000014838357446809
565000,0.00000014695190265487
566000,0.00000014732535335689
567000,0.00000016049039506173
568000,0.00000014386852112676
569000,0.00000015050959402460
570000,0.00000014892182807018
571000,0.00000014916388791594
572000,0.00000014952561188811
573000,0.00000015115294415358
574000,0.00000014925385888502
575000,0.00000014897769913043
576000,0.00000014919339930556
577000,0.00000015964998613518
578000,0.00000015356999307958
579000,0.00000015107819516408
580000,0.00000014743936896552
581000,0.00000014729593975904
582000,0.00000015076378350515
583000,0.00000014747340308748
584000,0.00000015294835102740
585000,0.00000014812009743590
586000,0.00000015297941296928
587000,0.00000014418589608177
588000,0.00000013785303911565
589000,0.00000013553935483871
590000,0.00000013831613050847
591000,0.00000014054497123519
592000,0.00000013067117567568
593000,0.00000014332859696459
594000,0.00000014768137037037
595000,0.00000014750150252101
596000,0.00000014718854530201
597000,0.00000014694741373534
598000,0.00000014962393311037
599000,0.00000014723497996661
600000,0.00000014642539166667
601000,0.00000014645188019967
602000,0.00000014403959136213
603000,0.00000015393782421227
604000,0.00000014560043708609
605000,0.00000014653896528926
606000,0.00000014674992574257
607000,0.00000014930562932455
608000,0.00000014737047861842
609000,0.00000014716616748768
610000,0.00000014584485737705
611000,0.00000014595882651391
612000,0.00000014710722058824
613000,0.00000014397146655791
614000,0.00000014207458794788
615000,0.00000014133169593496
616000,0.00000014331086850649
617000,0.00000014295379092382
618000,0.00000014552467475728
619000,0.00000014028985621971
620000,0.00000014079670483871
621000,0.00000014077664412238
622000,0.00000014319654180064
623000,0.00000014211919422151
624000,0.00000014355780128205
625000,0.00000014720996160000
626000,0.00000014730474760383
627000,0.00000015031700000000
628000,0.00000014737392356688
629000,0.00000014695580127186
630000,0.00000014664715555556
631000,0.00000014945532488114
632000,0.00000014278931962025
633000,0.00000014556725118483
634000,0.00000014678413564669
635000,0.00000014756331811024
636000,0.00000014565451886792
637000,0.00000016315643642072
638000,0.00000015109251410658
639000,0.00000015111611737089
640000,0.00000014856026250000
641000,0.00000015212752886115
642000,0.00000014939588940810
643000,0.00000014845161897356
644000,0.00000014895853260870
645000,0.00000016233952868217
646000,0.00000015208032817337
647000,0.00000014749152550232
648000,0.00000014715924537037
649000,0.00000014664909553159
650000,0.00000014774533692308
651000,0.00000014739908448541
652000,0.00000014543216411043
653000,0.00000014523838897397
654000,0.00000014441574770642
655000,0.00000014292381679389
656000,0.00000014084244817073
657000,0.00000014021120091324
658000,0.00000014299798784195
659000,0.00000014079844157815
660000,0.00000014948955606061
661000,0.00000014100960060514
662000,0.00000014041335196375
663000,0.00000013996115987934
664000,0.00000014723663253012
665000,0.00000014246881203008
666000,0.00000014054302402402
667000,0.00000014041965367316
668000,0.00000014095373203593
669000,0.00000014326409715994
670000,0.00000014090925671642
671000,0.00000014024949776453
672000,0.00000014075910565476
673000,0.00000014038020653789
674000,0.00000014261319584570
675000,0.00000014031050666667
676000,0.00000013969474260355
677000,0.00000014080572673560
678000,0.00000014293092772861
679000,0.00000014187279970545
680000,0.00000013734290735294
681000,0.00000013970792070485
682000,0.00000014342586070381
683000,0.00000014386387701318
684000,0.00000014066220321637
685000,0.00000013989415912409
686000,0.00000014135573760933
687000,0.00000014266380058224
688000,0.00000014170539680233
689000,0.00000014036525979681
690000,0.00000014004235362319
691000,0.00000014073381186686
692000,0.00000014459358236994
693000,0.00000014007883838384
694000,0.00000013976167867435
695000,0.00000014363130791367
696000,0.00000014306768965517
697000,0.00000014095887374462
698000,0.00000014024859742120
699000,0.00000014189782403433
700000,0.00000014328389857143
701000,0.00000014095609843081
702000,0.00000014042245584046
703000,0.00000013952976955903
704000,0.00000014119353693182
705000,0.00000014383999007092
706000,0.00000014045555665722
707000,0.00000014047938472419
708000,0.00000014002956920904
709000,0.00000014176134978843
710000,0.00000014063266197183
711000,0.00000014029935864979
712000,0.00000013955195365169
713000,0.00000014387809957924
714000,0.00000014374437254902
715000,0.00000014287507832168
716000,0.00000014138947625698
717000,0.00000014527330264993
718000,0.00000014107326880223
719000,0.00000014006107927677
720000,0.00000014017879444444
721000,0.00000014046695145631
722000,0.00000014359865512465
723000,0.00000014093430152144
724000,0.00000013950670856354
725000,0.00000013982932275862
726000,0.00000014161642424242
727000,0.00000014264002613480
728000,0.00000014014896703297
729000,0.00000013972502606310
730000,0.00000014294705479452
731000,0.00000014165511901505
732000,0.00000014042118989071
733000,0.00000014025795770805
734000,0.00000014502807220708
735000,0.00000014155513877551
736000,0.00000014014598505435
737000,0.00000013978526458616
738000,0.00000014247518157182
739000,0.00000014171042219215
740000,0.00000014087206216216
741000,0.00000013951312955466
742000,0.00000014066400000000
743000,0.00000014306106864065
744000,0.00000014082939919355
745000,0.00000015761624161074
746000,0.00000015232650670241
747000,0.00000014188295582329
748000,0.00000014023441443850
749000,0.00000013987583578104
750000,0.00000014354445466667
751000,0.00000014236865912117
752000,0.00000014029371143617
753000,0.00000014008865604250
754000,0.00000014020759946950
755000,0.00000014386474701987
756000,0.00000014009623809524
757000,0.00000014064319682959
758000,0.00000013951056860158
759000,0.00000014207512252964
760000,0.00000014000577631579
761000,0.00000013984652562418
762000,0.00000013974369422572
763000,0.00000014354709960682
764000,0.00000014371406151832
765000,0.00000014005945359477
766000,0.00000014255559138381
767000,0.00000014139734941330
768000,0.00000014389962109375
769000,0.00000013989328608583
770000,0.00000013987444805195
771000,0.00000014262447341115
772000,0.00000014135412435233
773000,0.00000013970011642950
774000,0.00000013966761886305
775000,0.00000014081953548387
776000,0.00000014024603350515
777000,0.00000013984347232947
778000,0.00000014023299228792
779000,0.00000014175253915276
780000,0.00000014105533974359
781000,0.00000013993327144686
782000,0.00000014271937212276
783000,0.00000013942052618135
784000,0.00000014293147066327
785000,0.00000013995387133758
786000,0.00000014150010432570
787000,0.00000014146057814485
788000,0.00000014066793147208
789000,0.00000014011227629911
790000,0.00000013940614177215
791000,0.00000013952347914033
792000,0.00000014136154166667
793000,0.00000013979687137453
794000,0.00000014277073047859
795000,0.00000014253629308176
796000,0.00000013983362688442
797000,0.00000014404324717691
798000,0.00000014200144736842
799000,0.00000013952824530663
