Number of Words,Time
2,0.00000002212700000000
4,0.00000002147600000000
8,0.00000002143700000000
16,0.00000002144400000000
32,0.00000002468600000000
64,0.00000002710700000000
128,0.00000002783700000000
256,0.00000002624600000000
512,0.00000002732700000000
1024,0.00000002917400000000
2048,0.00000003205000000000
4096,0.00000003438500000000
8192,0.00000004168200000000
16384,0.00000004965200000000
32768,0.00000005692500000000
65536,0.00000007897200000000
131072,0.00000012327800000000
262144,0.00000013997800000000
524288,0.00000015958700000000
1048576,0.00000018588900000000
2097152,0.00000019687700000000
4194304,0.00000021117500000000
8388608,0.00000022496500000000
16777216,0.00000018748500000000
