Number of Words,Time
2,0.00000002288800000000
4,0.00000002192300000000
8,0.00000002167300000000
16,0.00000002157800000000
32,0.00000002523500000000
64,0.00000002720900000000
128,0.00000002759000000000
256,0.00000002726200000000
512,0.00000002793400000000
1024,0.00000002899700000000
2048,0.00000003831500000000
4096,0.00000003431400000000
8192,0.00000003950800000000
16384,0.00000005030500000000
32768,0.00000005654100000000
65536,0.00000007704100000000
131072,0.00000012162700000000
262144,0.00000013735600000000
524288,0.00000014929800000000
1048576,0.00000016928500000000
2097152,0.00000019082100000000
4194304,0.00000020892600000000
8388608,0.00000022858700000000
16777216,0.00000020684800000000
