Number of Words,Time
2,0.00000001419900000000
4,0.00000001402100000000
8,0.00000001391300000000
16,0.00000001420600000000
32,0.00000001544700000000
64,0.00000001560500000000
128,0.00000001569700000000
256,0.00000001884500000000
512,0.00000002040500000000
1024,0.00000002139100000000
2048,0.00000002331800000000
4096,0.00000003043900000000
8192,0.00000003389500000000
16384,0.00000004329100000000
32768,0.00000005260500000000
65536,0.00000006608500000000
131072,0.00000008854600000000
262144,0.00000010242700000000
524288,0.00000011465700000000
1048576,0.00000012850900000000
2097152,0.00000014724200000000
4194304,0.00000016405000000000
8388608,0.00000018274600000000
16777216,0.00000016831100000000
