Number of Words,Time
2,0.00000001338600000000
4,0.00000001318800000000
8,0.00000001309300000000
16,0.00000001320300000000
32,0.00000001404300000000
64,0.00000001464200000000
128,0.00000001466800000000
256,0.00000001854600000000
512,0.00000001993000000000
1024,0.00000002116100000000
2048,0.00000002218500000000
4096,0.00000002510700000000
8192,0.00000002954400000000
16384,0.00000003365900000000
32768,0.00000004004400000000
65536,0.00000005287000000000
131072,0.00000007246400000000
262144,0.00000009532000000000
524288,0.00000011037200000000
1048576,0.00000014049100000000
2097152,0.00000015491300000000
4194304,0.00000017328400000000
8388608,0.00000018004200000000
16777216,0.00000016781300000000
