Number of Words,Time
1000,0.00000015139200000000
2000,0.00000014435550000000
3000,0.00000014161500000000
4000,0.00000013764800000000
5000,0.00000013476360000000
6000,0.00000013159566666667
7000,0.00000012757985714286
8000,0.00000012268500000000
9000,0.00000011711577777778
10000,0.00000011386010000000
11000,0.00000011092827272727
12000,0.00000010929033333333
13000,0.00000010846038461538
14000,0.00000010736942857143
15000,0.00000010689793333333
16000,0.00000010569731250000
17000,0.00000010499035294118
18000,0.00000010616083333333
19000,0.00000011166194736842
20000,0.00000011284295000000
21000,0.00000011411166666667
22000,0.00000011464172727273
23000,0.00000011442556521739
24000,0.00000011564041666667
25000,0.00000011667276000000
26000,0.00000011619607692308
27000,0.00000011649296296296
28000,0.00000011865510714286
29000,0.00000013388375862069
30000,0.00000013791063333333
31000,0.00000014381658064516
32000,0.00000013448403125000
33000,0.00000012541372727273
34000,0.00000012368276470588
35000,0.00000012350905714286
36000,0.00000012383866666667
37000,0.00000012437951351351
38000,0.00000012414978947368
39000,0.00000012315500000000
40000,0.00000012197287500000
41000,0.00000012235895121951
42000,0.00000012189588095238
43000,0.00000012179351162791
44000,0.00000012224615909091
45000,0.00000013606091111111
46000,0.00000016004347826087
47000,0.00000014962055319149
48000,0.00000013252435416667
49000,0.00000012502504081633
50000,0.00000012307962000000
51000,0.00000012254696078431
52000,0.00000012253753846154
53000,0.00000012283158490566
54000,0.00000012272035185185
55000,0.00000012303465454545
56000,0.00000012318123214286
57000,0.00000012279217543860
58000,0.00000012323624137931
59000,0.00000012289935593220
60000,0.00000012331186666667
61000,0.00000012305655737705
62000,0.00000012253212903226
63000,0.00000012254117460317
64000,0.00000012250160937500
65000,0.00000012260933846154
66000,0.00000012258015151515
67000,0.00000013952267164179
68000,0.00000014385819117647
69000,0.00000012690059420290
70000,0.00000012346705714286
71000,0.00000012398536619718
72000,0.00000012438790277778
73000,0.00000012549547945205
74000,0.00000012614766216216
75000,0.00000012846782666667
76000,0.00000012646267105263
77000,0.00000012519446753247
78000,0.00000012396870512821
79000,0.00000012405907594937
80000,0.00000012406397500000
81000,0.00000012323807407407
82000,0.00000012350430487805
83000,0.00000012321251807229
84000,0.00000012540379761905
85000,0.00000012475910588235
86000,0.00000012483824418605
87000,0.00000012489739080460
88000,0.00000012633061363636
89000,0.00000012502359550562
90000,0.00000012485133333333
91000,0.00000012412843956044
92000,0.00000012431521739130
93000,0.00000012611089247312
94000,0.00000012653679787234
95000,0.00000012545152631579
96000,0.00000012502206250000
97000,0.00000012454709278351
98000,0.00000012404632653061
99000,0.00000012459916161616
100000,0.00000012426913000000
101000,0.00000012720533663366
102000,0.00000012772359803922
103000,0.00000012723599029126
104000,0.00000012459166346154
105000,0.00000012454413333333
106000,0.00000012562930188679
107000,0.00000012578589719626
108000,0.00000012621485185185
109000,0.00000012695536697248
110000,0.00000012501462727273
111000,0.00000012449467567568
112000,0.00000012628721428571
113000,0.00000012715382300885
114000,0.00000012454984210526
115000,0.00000012439953043478
116000,0.00000012471500862069
117000,0.00000012430387179487
118000,0.00000012454023728814
119000,0.00000012438534453782
120000,0.00000012450412500000
121000,0.00000012667988429752
122000,0.00000012705762295082
123000,0.00000012638148780488
124000,0.00000012570782258065
125000,0.00000012795816000000
126000,0.00000012615896031746
127000,0.00000012428661417323
128000,0.00000012485788281250
129000,0.00000012427118604651
130000,0.00000012457006923077
131000,0.00000012413992366412
132000,0.00000012434535606061
133000,0.00000012423812781955
134000,0.00000012479462686567
135000,0.00000012485522222222
136000,0.00000012497231617647
137000,0.00000012536638686131
138000,0.00000012515411594203
139000,0.00000012722746043165
140000,0.00000012483675000000
141000,0.00000012436002127660
142000,0.00000012441144366197
143000,0.00000012424810489510
144000,0.00000012439502083333
145000,0.00000012416395172414
146000,0.00000012458413013699
147000,0.00000012457005442177
148000,0.00000012428595270270
149000,0.00000012501538255034
150000,0.00000012535114666667
151000,0.00000012416782119205
152000,0.00000012432103289474
153000,0.00000012461909150327
154000,0.00000012555627272727
155000,0.00000012546790967742
156000,0.00000012527536538462
157000,0.00000012578280891720
158000,0.00000012582160759494
159000,0.00000012612459119497
160000,0.00000012512101250000
161000,0.00000012443154037267
162000,0.00000012421966049383
163000,0.00000012443146012270
164000,0.00000012451756097561
165000,0.00000012409396363636
166000,0.00000012429769879518
167000,0.00000012425655688623
168000,0.00000012577142261905
169000,0.00000012578353254438
170000,0.00000012559284705882
171000,0.00000012621986549708
172000,0.00000012521768604651
173000,0.00000012441321387283
174000,0.00000012455286781609
175000,0.00000012441604571429
176000,0.00000012416453977273
177000,0.00000013715285875706
178000,0.00000012525397752809
179000,0.00000012475115642458
180000,0.00000012649904444444
181000,0.00000012818298342541
182000,0.00000012558495604396
183000,0.00000012437967213115
184000,0.00000012436888586957
185000,0.00000012429747567568
186000,0.00000012442951075269
187000,0.00000012442840641711
188000,0.00000012490952659574
189000,0.00000012508430687831
190000,0.00000012494617894737
191000,0.00000012445100000000
192000,0.00000012494949479167
193000,0.00000012614995336788
194000,0.00000012536235567010
195000,0.00000012590892307692
196000,0.00000012569402551020
197000,0.00000012554850253807
198000,0.00000012512500505051
199000,0.00000012434793467337
200000,0.00000012431671000000
201000,0.00000012402850248756
202000,0.00000012371942574257
203000,0.00000012404450246305
204000,0.00000012629223039216
205000,0.00000012431723414634
206000,0.00000012656236407767
207000,0.00000012514145410628
208000,0.00000012450607211538
209000,0.00000012436748325359
210000,0.00000012411274761905
211000,0.00000012461500947867
212000,0.00000012385390094340
213000,0.00000012404348826291
214000,0.00000012441422897196
215000,0.00000012827442325581
216000,0.00000013859558333333
217000,0.00000012381121658986
218000,0.00000012391446788991
219000,0.00000012412568036530
220000,0.00000012386286363636
221000,0.00000012412268778281
222000,0.00000012450326576577
223000,0.00000012469121973094
224000,0.00000012434642410714
225000,0.00000012546108444444
226000,0.00000012449525221239
227000,0.00000012594855947137
228000,0.00000012564463596491
229000,0.00000012563900000000
230000,0.00000012474283043478
231000,0.00000012444046320346
232000,0.00000012393123275862
233000,0.00000012395827896996
234000,0.00000012382264529915
235000,0.00000012628774893617
236000,0.00000012440777118644
237000,0.00000012791474683544
238000,0.00000012457166806723
239000,0.00000012412979916318
240000,0.00000012387082083333
241000,0.00000013355548962656
242000,0.00000012457811983471
243000,0.00000012396444855967
244000,0.00000012529771311475
245000,0.00000012846637551020
246000,0.00000013077176016260
247000,0.00000013003430769231
248000,0.00000013002352419355
249000,0.00000012955020080321
250000,0.00000012961628400000
251000,0.00000013083769721116
252000,0.00000013086184126984
253000,0.00000012840359683794
254000,0.00000013050926771654
255000,0.00000012906254509804
256000,0.00000012432525000000
257000,0.00000012505042412451
258000,0.00000012399037209302
259000,0.00000012429909652510
260000,0.00000012387645769231
261000,0.00000012400747509579
262000,0.00000012665485496183
263000,0.00000012737696577947
264000,0.00000012520360227273
265000,0.00000012402322641509
266000,0.00000012413978195489
267000,0.00000012479031835206
268000,0.00000012846530970149
269000,0.00000012470610408922
270000,0.00000012508086296296
271000,0.00000012608249815498
272000,0.00000012423613970588
273000,0.00000012385206593407
274000,0.00000012386347080292
275000,0.00000012502559636364
276000,0.00000012485115579710
277000,0.00000012538870036101
278000,0.00000012689705395683
279000,0.00000012461709677419
280000,0.00000013006547142857
281000,0.00000012813261209964
282000,0.00000012522814539007
283000,0.00000012401130388693
284000,0.00000012405279929577
285000,0.00000012383331929825
286000,0.00000012373361888112
287000,0.00000013214482578397
288000,0.00000013168054861111
289000,0.00000012399958477509
290000,0.00000012381320344828
291000,0.00000013981877319588
292000,0.00000012636480136986
293000,0.00000012401389419795
294000,0.00000012662146938776
295000,0.00000012740854915254
296000,0.00000012247053716216
297000,0.00000012342843771044
298000,0.00000012393670134228
299000,0.00000012375523411371
300000,0.00000012513969000000
301000,0.00000012445195348837
302000,0.00000012395224172185
303000,0.00000012974923432343
304000,0.00000012519264144737
305000,0.00000012507613114754
306000,0.00000012412760457516
307000,0.00000012437459934853
308000,0.00000012391622077922
309000,0.00000012388640776699
310000,0.00000012701804838710
311000,0.00000012507882315113
312000,0.00000012358458653846
313000,0.00000012574198083067
314000,0.00000012685459235669
315000,0.00000012381997142857
316000,0.00000012526378481013
317000,0.00000012478894006309
318000,0.00000012379905345912
319000,0.00000012371258934169
320000,0.00000012377446250000
321000,0.00000012369476323988
322000,0.00000012545270186335
323000,0.00000012371463777090
324000,0.00000013046940740741
325000,0.00000012401607692308
326000,0.00000012410847852761
327000,0.00000012438966055046
328000,0.00000012362649390244
329000,0.00000012357386930091
330000,0.00000012365060000000
331000,0.00000012513410271903
332000,0.00000012563425301205
333000,0.00000012388034534535
334000,0.00000013264797604790
335000,0.00000012582971641791
336000,0.00000012467047321429
337000,0.00000012609295548961
338000,0.00000012423115680473
339000,0.00000012368539823009
340000,0.00000012370808235294
341000,0.00000012347090322581
342000,0.00000012428244152047
343000,0.00000012445976967930
344000,0.00000012788585174419
345000,0.00000012564658260870
346000,0.00000012375873410405
347000,0.00000012436331412104
348000,0.00000012353239942529
349000,0.00000012350020343840
350000,0.00000012494255142857
351000,0.00000013044585754986
352000,0.00000012459865340909
353000,0.00000011233941076487
354000,0.00000011608790677966
355000,0.00000011679899436620
356000,0.00000011101572752809
357000,0.00000011494516806723
358000,0.00000012951934357542
359000,0.00000012320610584958
360000,0.00000012385940555556
361000,0.00000012366230747922
362000,0.00000012543188674033
363000,0.00000012449966391185
364000,0.00000012814265934066
365000,0.00000012517542739726
366000,0.00000012412643989071
367000,0.00000012413860762943
368000,0.00000012365691847826
369000,0.00000012970380758808
370000,0.00000012614791351351
371000,0.00000012840042048518
372000,0.00000012572871774194
373000,0.00000012975435120643
374000,0.00000012433129946524
375000,0.00000012394139733333
376000,0.00000012599746808511
377000,0.00000012353201061008
378000,0.00000012346226984127
379000,0.00000012339220316623
380000,0.00000012499264736842
381000,0.00000012546454593176
382000,0.00000012582124083770
383000,0.00000012411429503916
384000,0.00000012426588020833
385000,0.00000012403334025974
386000,0.00000012353934974093
387000,0.00000012352298708010
388000,0.00000012715757474227
389000,0.00000012493445758355
390000,0.00000012591438974359
391000,0.00000012544264450128
392000,0.00000012387939285714
393000,0.00000012382875063613
394000,0.00000012444322588832
395000,0.00000012365368607595
396000,0.00000012366817676768
397000,0.00000012482377329975
398000,0.00000012486043969849
399000,0.00000012832601503759
400000,0.00000012380859500000
401000,0.00000012379143640898
402000,0.00000012409130845771
403000,0.00000012350350868486
404000,0.00000012350312623762
405000,0.00000013421209876543
406000,0.00000012408790886700
407000,0.00000013209165110565
408000,0.00000012395763480392
409000,0.00000012384037897311
410000,0.00000012456273414634
411000,0.00000012404105839416
412000,0.00000012367157524272
413000,0.00000012336084019370
414000,0.00000012444261352657
415000,0.00000012694936626506
416000,0.00000012582618750000
417000,0.00000012420888729017
418000,0.00000012358969856459
419000,0.00000012376695942721
420000,0.00000012339880000000
421000,0.00000012420058194774
422000,0.00000012581993127962
423000,0.00000012639902127660
424000,0.00000012494574528302
425000,0.00000012367967764706
426000,0.00000012637340140845
427000,0.00000012370437939110
428000,0.00000012354692056075
429000,0.00000012354181351981
430000,0.00000012382413953488
431000,0.00000012738448027842
432000,0.00000012458104629630
433000,0.00000012400578290993
434000,0.00000012342365668203
435000,0.00000012355940919540
436000,0.00000012327220412844
437000,0.00000012438221052632
438000,0.00000012499378082192
439000,0.00000013227420728929
440000,0.00000012370171818182
441000,0.00000012362961224490
442000,0.00000012497363122172
443000,0.00000012420486907449
444000,0.00000012350603603604
445000,0.00000012409004943820
446000,0.00000012523652466368
447000,0.00000012600346979866
448000,0.00000012383673660714
449000,0.00000012414418040089
450000,0.00000012375308888889
451000,0.00000012330474722838
452000,0.00000012458807964602
453000,0.00000012541716114790
454000,0.00000012695327753304
455000,0.00000012347007032967
456000,0.00000012543025877193
457000,0.00000012344886652079
458000,0.00000013045835371179
459000,0.00000012360071677560
460000,0.00000012395045000000
461000,0.00000012585414533623
462000,0.00000012791348701299
463000,0.00000012389782289417
464000,0.00000012361153448276
465000,0.00000012376284946237
466000,0.00000012328559656652
467000,0.00000012494512205567
468000,0.00000012564548504274
469000,0.00000012863185501066
470000,0.00000012390799787234
471000,0.00000012354966029724
472000,0.00000012446670338983
473000,0.00000012385620084567
474000,0.00000012384947890295
475000,0.00000012316447157895
476000,0.00000012757312184874
477000,0.00000012318547798742
478000,0.00000012371167573222
479000,0.00000012326620041754
480000,0.00000012341408958333
481000,0.00000012368577962578
482000,0.00000012619279668050
483000,0.00000012708516149068
484000,0.00000012378237603306
485000,0.00000012334388247423
486000,0.00000012360747530864
487000,0.00000012412852566735
488000,0.00000012377657991803
489000,0.00000012315612883436
490000,0.00000012706547142857
491000,0.00000012384533808554
492000,0.00000012376897154472
493000,0.00000012319305882353
494000,0.00000012341834210526
495000,0.00000012815655555556
496000,0.00000013086190725806
497000,0.00000012779114285714
498000,0.00000012366232730924
499000,0.00000012345433266533
500000,0.00000012452429200000
501000,0.00000012364419361277
502000,0.00000012474428286853
503000,0.00000012637176143141
504000,0.00000012487641071429
505000,0.00000012326553069307
506000,0.00000012357032411067
507000,0.00000012351632938856
508000,0.00000012299664960630
509000,0.00000012428626522593
510000,0.00000012773318235294
511000,0.00000012705505283757
512000,0.00000012337473437500
513000,0.00000012364464132554
514000,0.00000012421129766537
515000,0.00000012372027184466
516000,0.00000012489405620155
517000,0.00000012505133268859
518000,0.00000012367798648649
519000,0.00000012335989210019
520000,0.00000012801894038462
521000,0.00000012392103071017
522000,0.00000012379635632184
523000,0.00000012820082982792
524000,0.00000012442523854962
525000,0.00000012332027809524
526000,0.00000012409758174905
527000,0.00000012483995635674
528000,0.00000012379062689394
529000,0.00000012382602457467
530000,0.00000012396230943396
531000,0.00000012355795856874
532000,0.00000012345641165414
533000,0.00000012317596435272
534000,0.00000012335992134831
535000,0.00000012447420000000
536000,0.00000012395052611940
537000,0.00000012358588268156
538000,0.00000012302604646840
539000,0.00000012309516697588
540000,0.00000012978177962963
541000,0.00000012440491682070
542000,0.00000012414449077491
543000,0.00000012370863535912
544000,0.00000012339688970588
545000,0.00000012351707889908
546000,0.00000012303876556777
547000,0.00000012351135283364
548000,0.00000012712863868613
549000,0.00000012455371038251
550000,0.00000012413638909091
551000,0.00000012291317059891
552000,0.00000012431572101449
553000,0.00000012391157685353
554000,0.00000012376533754513
555000,0.00000012353011351351
556000,0.00000012317572482014
557000,0.00000012318392280072
558000,0.00000012349831003584
559000,0.00000012308107155635
560000,0.00000012500121964286
561000,0.00000012504105882353
562000,0.00000012351107117438
563000,0.00000012301119005329
564000,0.00000012340277304965
565000,0.00000012459059823009
566000,0.00000012381996466431
567000,0.00000012358794885362
568000,0.00000012316142605634
569000,0.00000012285039718805
570000,0.00000012355952631579
571000,0.00000012302725218914
572000,0.00000012723724650350
573000,0.00000013199078010471
574000,0.00000012398173867596
575000,0.00000012328595304348
576000,0.00000012359872395833
577000,0.00000012401310051993
578000,0.00000012392468339100
579000,0.00000012493218307427
580000,0.00000012307972241379
581000,0.00000012326041996558
582000,0.00000012344703436426
583000,0.00000012301040137221
584000,0.00000012437486986301
585000,0.00000013052803247863
586000,0.00000012738145733788
587000,0.00000012322367291312
588000,0.00000012398085714286
589000,0.00000012434925127334
590000,0.00000012539420508475
591000,0.00000012315965482234
592000,0.00000012312759459459
593000,0.00000012304408431703
594000,0.00000012323742087542
595000,0.00000012373726218487
596000,0.00000013116601342282
597000,0.00000012465149748744
598000,0.00000012320533444816
599000,0.00000012357760267112
600000,0.00000012433683666667
601000,0.00000012449159900166
602000,0.00000012307218272425
603000,0.00000012297142951907
604000,0.00000012309514735099
605000,0.00000012351836363636
606000,0.00000012368872277228
607000,0.00000012369768533773
608000,0.00000012451620230263
609000,0.00000012369368637110
610000,0.00000012283483278689
611000,0.00000013144389198036
612000,0.00000012349838398693
613000,0.00000012445277324633
614000,0.00000012294197394137
615000,0.00000012291803089431
616000,0.00000012334662500000
617000,0.00000012288611345219
618000,0.00000013142042394822
619000,0.00000015061285945073
620000,0.00000012376260161290
621000,0.00000012316452818035
622000,0.00000012435292765273
623000,0.00000012385630016051
624000,0.00000012322977724359
625000,0.00000012278143520000
626000,0.00000012291439776358
627000,0.00000012357825996810
628000,0.00000012420260191083
629000,0.00000012698257392687
630000,0.00000013006689682540
631000,0.00000012758064659271
632000,0.00000012351801107595
633000,0.00000012398973143760
634000,0.00000012450618611987
635000,0.00000012340236377953
636000,0.00000012297651415094
637000,0.00000012734218053375
638000,0.00000012339783228840
639000,0.00000012703031768388
640000,0.00000012638766093750
641000,0.00000012697257722309
642000,0.00000012327561059190
643000,0.00000012346551944012
644000,0.00000012373071583851
645000,0.00000012439480465116
646000,0.00000012289342414861
647000,0.00000012439755177743
648000,0.00000012311298302469
649000,0.00000012356605084746
650000,0.00000012357815538462
651000,0.00000012286099846390
652000,0.00000012410314723926
653000,0.00000012286664471669
654000,0.00000012403544036697
655000,0.00000012396922137405
656000,0.00000012322109908537
657000,0.00000012301812328767
658000,0.00000012537482674772
659000,0.00000012440388922610
660000,0.00000012418960606061
661000,0.00000012560802571861
662000,0.00000012384101057402
663000,0.00000012321992911011
664000,0.00000012400169728916
665000,0.00000012391337894737
666000,0.00000012375393543544
667000,0.00000012284564317841
668000,0.00000012307568263473
669000,0.00000012286692825112
670000,0.00000012417168656716
671000,0.00000012301200894188
672000,0.00000012654452083333
673000,0.00000012349305052006
674000,0.00000012294711127596
675000,0.00000013059972444444
676000,0.00000012421319230769
677000,0.00000012297405612999
678000,0.00000012325908112094
679000,0.00000012280530044183
680000,0.00000012429662058824
681000,0.00000012656833186490
682000,0.00000012370174633431
683000,0.00000012325361932650
684000,0.00000012394496198830
685000,0.00000012439313868613
686000,0.00000012413756122449
687000,0.00000012319002037846
688000,0.00000012319488662791
689000,0.00000012276272859216
690000,0.00000012441095217391
691000,0.00000012369483502171
692000,0.00000012361076011561
693000,0.00000012368781962482
694000,0.00000012333589625360
695000,0.00000012427291942446
696000,0.00000012511043390805
697000,0.00000012307331850789
698000,0.00000012309194126074
699000,0.00000012287059942775
700000,0.00000013131119714286
701000,0.00000012530580313837
702000,0.00000012667063247863
703000,0.00000012259882503556
704000,0.00000012402084517045
705000,0.00000012478744255319
706000,0.00000012322941643059
707000,0.00000012310514002829
708000,0.00000012319497740113
709000,0.00000012274053455571
710000,0.00000012400902535211
711000,0.00000012264015471167
712000,0.00000012378016713483
713000,0.00000012302836886396
714000,0.00000012365904761905
715000,0.00000012413457762238
716000,0.00000012326170810056
717000,0.00000012305876290098
718000,0.00000012266234401114
719000,0.00000012352045201669
720000,0.00000012368663888889
721000,0.00000012679595977809
722000,0.00000012651247229917
723000,0.00000012768965421853
724000,0.00000012480220580110
725000,0.00000012316143172414
726000,0.00000012310689531680
727000,0.00000012309232462173
728000,0.00000012295799313187
729000,0.00000012661792866941
730000,0.00000012313143835616
731000,0.00000012358658276334
732000,0.00000012336826229508
733000,0.00000012458501500682
734000,0.00000012588785558583
735000,0.00000012444191564626
736000,0.00000012695991711957
737000,0.00000012268726458616
738000,0.00000012439460298103
739000,0.00000012253518944520
740000,0.00000012344175540541
741000,0.00000012614725101215
742000,0.00000012357079514825
743000,0.00000012567645760431
744000,0.00000012324303360215
745000,0.00000012228060000000
746000,0.00000012285314745308
747000,0.00000012331815394913
748000,0.00000012423991176471
749000,0.00000012293568224299
750000,0.00000012545904666667
751000,0.00000012360781624501
752000,0.00000012404048005319
753000,0.00000012261985391766
754000,0.00000012233305305040
755000,0.00000012264872582781
756000,0.00000012442195105820
757000,0.00000012491395376486
758000,0.00000012149585883905
759000,0.00000012543705928854
760000,0.00000012607334210526
761000,0.00000012375408015769
762000,0.00000012253320866142
763000,0.00000012216828440367
764000,0.00000012248673429319
765000,0.00000012234396601307
766000,0.00000012342198172324
767000,0.00000012224213820078
768000,0.00000012319072265625
769000,0.00000012358178673602
770000,0.00000012305499610390
771000,0.00000012220174189364
772000,0.00000012214358808290
773000,0.00000012237776455369
774000,0.00000012230600904393
775000,0.00000011968384645161
776000,0.00000012202136211340
777000,0.00000012306993951094
778000,0.00000012360311953728
779000,0.00000012653263543004
780000,0.00000012469050256410
781000,0.00000012209592573624
782000,0.00000012252238363171
783000,0.00000012221036653895
784000,0.00000012294973979592
785000,0.00000012197710828025
786000,0.00000012330306615776
787000,0.00000012365925794155
788000,0.00000012727270939086
789000,0.00000012223473257288
790000,0.00000012214923164557
791000,0.00000012220412642225
792000,0.00000012643377146465
793000,0.00000012239659268600
794000,0.00000012307810453401
795000,0.00000012302867421384
796000,0.00000012296682160804
797000,0.00000012600031869511
798000,0.00000012239255263158
799000,0.00000012204768585732
