Number of Words,Time
2,0.00000001343700000000
4,0.00000001323900000000
8,0.00000001308000000000
16,0.00000001318600000000
32,0.00000001422600000000
64,0.00000001598600000000
128,0.00000001928800000000
256,0.00000001899400000000
512,0.00000002019300000000
1024,0.00000002147300000000
2048,0.00000002363600000000
4096,0.00000002545500000000
8192,0.00000002947400000000
16384,0.00000003540300000000
32768,0.00000004094800000000
65536,0.00000004530700000000
131072,0.00000007489500000000
262144,0.00000009379300000000
524288,0.00000011053000000000
1048576,0.00000014041700000000
2097152,0.00000015809700000000
4194304,0.00000017065600000000
8388608,0.00000018272400000000
16777216,0.00000017339600000000
