Number of Words,Time
2,0.00000001334800000000
4,0.00000001328600000000
8,0.00000001311500000000
16,0.00000001323700000000
32,0.00000001421200000000
64,0.00000001455700000000
128,0.00000001495500000000
256,0.00000001899200000000
512,0.00000001912200000000
1024,0.00000002129400000000
2048,0.00000002466400000000
4096,0.00000002465400000000
8192,0.00000002966200000000
16384,0.00000003460000000000
32768,0.00000004142300000000
65536,0.00000005237400000000
131072,0.00000007674500000000
262144,0.00000009250700000000
524288,0.00000011045800000000
1048576,0.00000013567700000000
2097152,0.00000015527700000000
4194304,0.00000017059500000000
8388608,0.00000017703900000000
16777216,0.00000016821700000000
