Number of Words,Time
2,0.00000001340200000000
4,0.00000001326700000000
8,0.00000001309800000000
16,0.00000001317700000000
32,0.00000001426200000000
64,0.00000001476900000000
128,0.00000001533300000000
256,0.00000001816800000000
512,0.00000001933000000000
1024,0.00000002081000000000
2048,0.00000002299600000000
4096,0.00000002547700000000
8192,0.00000002984400000000
16384,0.00000003687300000000
32768,0.00000003913000000000
65536,0.00000005070500000000
131072,0.00000007846200000000
262144,0.00000009613400000000
524288,0.00000010872300000000
1048576,0.00000013852600000000
2097152,0.00000015208600000000
4194304,0.00000016680300000000
8388608,0.00000017988800000000
16777216,0.00000017329500000000
