Number of Words,Time
2,0.00000001509200000000
4,0.00000001483400000000
8,0.00000001473200000000
16,0.00000001479400000000
32,0.00000001580800000000
64,0.00000001613600000000
128,0.00000001685700000000
256,0.00000002150300000000
512,0.00000002185800000000
1024,0.00000002333300000000
2048,0.00000002643000000000
4096,0.00000002946700000000
8192,0.00000003435900000000
16384,0.00000003734300000000
32768,0.00000004922400000000
65536,0.00000006209200000000
131072,0.00000008647400000000
262144,0.00000010517700000000
524288,0.00000012179700000000
1048576,0.00000016232600000000
2097152,0.00000017643300000000
4194304,0.00000018887100000000
8388608,0.00000020247500000000
16777216,0.00000018771800000000
