Number of Words,Time
2,0.00000001514100000000
4,0.00000001479100000000
8,0.00000001472100000000
16,0.00000001484400000000
32,0.00000001619400000000
64,0.00000001994200000000
128,0.00000001600200000000
256,0.00000002007900000000
512,0.00000002158400000000
1024,0.00000002228600000000
2048,0.00000002631800000000
4096,0.00000002788600000000
8192,0.00000003404800000000
16384,0.00000003965300000000
32768,0.00000004269300000000
65536,0.00000005510600000000
131072,0.00000007846600000000
262144,0.00000010167500000000
524288,0.00000012058500000000
1048576,0.00000014925700000000
2097152,0.00000016930300000000
4194304,0.00000018512100000000
8388608,0.00000019781600000000
16777216,0.00000018564400000000
