Number of Words,Time
2,0.00000001335600000000
4,0.00000001320800000000
8,0.00000001312700000000
16,0.00000001318900000000
32,0.00000001426100000000
64,0.00000001571600000000
128,0.00000001942200000000
256,0.00000001871500000000
512,0.00000002017200000000
1024,0.00000002035600000000
2048,0.00000002194500000000
4096,0.00000002578500000000
8192,0.00000002953700000000
16384,0.00000003653200000000
32768,0.00000003919300000000
65536,0.00000004784700000000
131072,0.00000007363100000000
262144,0.00000009576100000000
524288,0.00000011201000000000
1048576,0.00000014224500000000
2097152,0.00000015592200000000
4194304,0.00000016881800000000
8388608,0.00000017904400000000
16777216,0.00000017133800000000
