Number of Words,Time
2,0.00000001346900000000
4,0.00000001323900000000
8,0.00000001311600000000
16,0.00000001319600000000
32,0.00000001429700000000
64,0.00000001435600000000
128,0.00000001498200000000
256,0.00000002352000000000
512,0.00000002032200000000
1024,0.00000002038000000000
2048,0.00000002298900000000
4096,0.00000002473300000000
8192,0.00000003054500000000
16384,0.00000003465700000000
32768,0.00000004537500000000
65536,0.00000005197300000000
131072,0.00000007367500000000
262144,0.00000009286700000000
524288,0.00000011058800000000
1048576,0.00000013738700000000
2097152,0.00000015732300000000
4194304,0.00000016757500000000
8388608,0.00000017846400000000
16777216,0.00000016720000000000
