Number of Words,Time
2,0.00000001354400000000
4,0.00000001322800000000
8,0.00000001318700000000
16,0.00000001323100000000
32,0.00000001434100000000
64,0.00000001492900000000
128,0.00000001535200000000
256,0.00000001880400000000
512,0.00000001947400000000
1024,0.00000002101700000000
2048,0.00000002303300000000
4096,0.00000002454400000000
8192,0.00000002900700000000
16384,0.00000003504900000000
32768,0.00000003918200000000
65536,0.00000005245300000000
131072,0.00000008139400000000
262144,0.00000009594400000000
524288,0.00000011751300000000
1048576,0.00000014359900000000
2097152,0.00000016088100000000
4194304,0.00000017280800000000
8388608,0.00000018120100000000
16777216,0.00000017206500000000
