Number of Words,Time
2,0.00000001349900000000
4,0.00000001327400000000
8,0.00000001310400000000
16,0.00000001323700000000
32,0.00000001327000000000
64,0.00000001356400000000
128,0.00000001394800000000
256,0.00000001545300000000
512,0.00000001932900000000
1024,0.00000002047400000000
2048,0.00000002255000000000
4096,0.00000002400200000000
8192,0.00000002913200000000
16384,0.00000003529400000000
32768,0.00000004311000000000
65536,0.00000004688300000000
131072,0.00000008077100000000
262144,0.00000009230400000000
524288,0.00000011364600000000
1048576,0.00000014162300000000
2097152,0.00000015976500000000
4194304,0.00000017585800000000
8388608,0.00000018403500000000
16777216,0.00000017719900000000
