Number of Words,Time
2,0.00000001349100000000
4,0.00000001327700000000
8,0.00000001313500000000
16,0.00000001320600000000
32,0.00000001424700000000
64,0.00000001504500000000
128,0.00000001477300000000
256,0.00000001913100000000
512,0.00000002031800000000
1024,0.00000002136900000000
2048,0.00000002344100000000
4096,0.00000002574500000000
8192,0.00000003028100000000
16384,0.00000003866400000000
32768,0.00000004412300000000
65536,0.00000005416800000000
131072,0.00000008310100000000
262144,0.00000009623400000000
524288,0.00000012027600000000
1048576,0.00000014028400000000
2097152,0.00000016042700000000
4194304,0.00000017632100000000
8388608,0.00000018320000000000
16777216,0.00000017301100000000
