Number of Words,Time
2,0.00000001334600000000
4,0.00000001329800000000
8,0.00000001312700000000
16,0.00000001321000000000
32,0.00000001481200000000
64,0.00000001495800000000
128,0.00000001561200000000
256,0.00000001797100000000
512,0.00000002375400000000
1024,0.00000002155900000000
2048,0.00000002318200000000
4096,0.00000002511200000000
8192,0.00000003310500000000
16384,0.00000003712700000000
32768,0.00000004180100000000
65536,0.00000005239100000000
131072,0.00000008535400000000
262144,0.00000009917800000000
524288,0.00000011177200000000
1048576,0.00000014499300000000
2097152,0.00000015896000000000
4194304,0.00000017046900000000
8388608,0.00000018375700000000
16777216,0.00000017854300000000
