Number of Words,Time
2,0.00000001353200000000
4,0.00000001316500000000
8,0.00000001317400000000
16,0.00000001323800000000
32,0.00000001414500000000
64,0.00000001461900000000
128,0.00000001487000000000
256,0.00000001842300000000
512,0.00000001981500000000
1024,0.00000002066000000000
2048,0.00000002265500000000
4096,0.00000002565600000000
8192,0.00000002844600000000
16384,0.00000003535600000000
32768,0.00000004154200000000
65536,0.00000005208400000000
131072,0.00000008075500000000
262144,0.00000009887900000000
524288,0.00000011044300000000
1048576,0.00000014551100000000
2097152,0.00000016039800000000
4194304,0.00000017011600000000
8388608,0.00000018336800000000
16777216,0.00000017346400000000
