Number of Words,Time
2,0.00000001345400000000
4,0.00000001328200000000
8,0.00000001319100000000
16,0.00000001323800000000
32,0.00000001319900000000
64,0.00000001339200000000
128,0.00000001396700000000
256,0.00000001554400000000
512,0.00000001949100000000
1024,0.00000002067700000000
2048,0.00000002355800000000
4096,0.00000002989300000000
8192,0.00000003063500000000
16384,0.00000003371900000000
32768,0.00000004048200000000
65536,0.00000005409600000000
131072,0.00000007225600000000
262144,0.00000009315600000000
524288,0.00000011134600000000
1048576,0.00000013531300000000
2097152,0.00000015576600000000
4194304,0.00000016627500000000
8388608,0.00000017998800000000
16777216,0.00000017359100000000
