Number of Words,Time
2,0.00000001341500000000
4,0.00000001328500000000
8,0.00000001315300000000
16,0.00000001324500000000
32,0.00000001441800000000
64,0.00000001439600000000
128,0.00000001510900000000
256,0.00000001857700000000
512,0.00000001900500000000
1024,0.00000002142300000000
2048,0.00000002326200000000
4096,0.00000002618000000000
8192,0.00000003125300000000
16384,0.00000004040900000000
32768,0.00000005058000000000
65536,0.00000005516200000000
131072,0.00000008467300000000
262144,0.00000010128500000000
524288,0.00000011526600000000
1048576,0.00000013022400000000
2097152,0.00000015767900000000
4194304,0.00000017388400000000
8388608,0.00000019136800000000
16777216,0.00000017593400000000
