Number of Words,Time
2,0.00000001347000000000
4,0.00000001327500000000
8,0.00000001314600000000
16,0.00000001323900000000
32,0.00000001445500000000
64,0.00000001477300000000
128,0.00000001480000000000
256,0.00000001580200000000
512,0.00000001677100000000
1024,0.00000001731400000000
2048,0.00000002019600000000
4096,0.00000002394500000000
8192,0.00000002761400000000
16384,0.00000003787600000000
32768,0.00000004841900000000
65536,0.00000007639600000000
131072,0.00000009845500000000
262144,0.00000010972000000000
524288,0.00000011823700000000
1048576,0.00000014093000000000
2097152,0.00000015472900000000
4194304,0.00000016956800000000
8388608,0.00000017924500000000
16777216,0.00000017379500000000
