Number of Words,Time
2,0.00000001347100000000
4,0.00000001319200000000
8,0.00000001306900000000
16,0.00000001316700000000
32,0.00000001408600000000
64,0.00000001649900000000
128,0.00000001902600000000
256,0.00000001895200000000
512,0.00000001998800000000
1024,0.00000002144700000000
2048,0.00000002304800000000
4096,0.00000002546300000000
8192,0.00000003009800000000
16384,0.00000003539300000000
32768,0.00000003937800000000
65536,0.00000005377100000000
131072,0.00000007737600000000
262144,0.00000009689700000000
524288,0.00000011311200000000
1048576,0.00000013821300000000
2097152,0.00000015898200000000
4194304,0.00000017099500000000
8388608,0.00000018404200000000
16777216,0.00000017153500000000
