Number of Words,Time
2,0.00000001344800000000
4,0.00000001318000000000
8,0.00000001311300000000
16,0.00000001315900000000
32,0.00000001420400000000
64,0.00000001479500000000
128,0.00000001495500000000
256,0.00000001832600000000
512,0.00000001895600000000
1024,0.00000001998900000000
2048,0.00000002212100000000
4096,0.00000002423700000000
8192,0.00000002995800000000
16384,0.00000003601200000000
32768,0.00000004418900000000
65536,0.00000005319000000000
131072,0.00000008660300000000
262144,0.00000009480300000000
524288,0.00000011152500000000
1048576,0.00000014462900000000
2097152,0.00000015865800000000
4194304,0.00000017394100000000
8388608,0.00000018666700000000
16777216,0.00000017691100000000
