Number of Words,Time
2,0.00000001338300000000
4,0.00000001327400000000
8,0.00000001317100000000
16,0.00000001323900000000
32,0.00000001434800000000
64,0.00000001487900000000
128,0.00000001498600000000
256,0.00000001853400000000
512,0.00000001962800000000
1024,0.00000002097600000000
2048,0.00000002234900000000
4096,0.00000002530400000000
8192,0.00000002890800000000
16384,0.00000003747400000000
32768,0.00000004421900000000
65536,0.00000005416800000000
131072,0.00000008248300000000
262144,0.00000009963400000000
524288,0.00000011248600000000
1048576,0.00000014000800000000
2097152,0.00000015936400000000
4194304,0.00000017271900000000
8388608,0.00000018640000000000
16777216,0.00000017567000000000
