Number of Words,Time
2,0.00000001374200000000
4,0.00000001327900000000
8,0.00000001313800000000
16,0.00000001332500000000
32,0.00000001433600000000
64,0.00000001506800000000
128,0.00000001522000000000
256,0.00000001852500000000
512,0.00000001948200000000
1024,0.00000002118600000000
2048,0.00000002193200000000
4096,0.00000002509800000000
8192,0.00000003026600000000
16384,0.00000003316600000000
32768,0.00000004090300000000
65536,0.00000004810100000000
131072,0.00000007999000000000
262144,0.00000009647100000000
524288,0.00000011484200000000
1048576,0.00000014176700000000
2097152,0.00000015965200000000
4194304,0.00000017124400000000
8388608,0.00000018219500000000
16777216,0.00000016892500000000
