Number of Words,Time
2,0.00000001340400000000
4,0.00000001326600000000
8,0.00000001315000000000
16,0.00000001327200000000
32,0.00000001416100000000
64,0.00000001472800000000
128,0.00000001518300000000
256,0.00000001885600000000
512,0.00000001918400000000
1024,0.00000002084800000000
2048,0.00000002350400000000
4096,0.00000002525400000000
8192,0.00000003172000000000
16384,0.00000003902600000000
32768,0.00000004637600000000
65536,0.00000005598800000000
131072,0.00000008067700000000
262144,0.00000009922200000000
524288,0.00000011687900000000
1048576,0.00000012616900000000
2097152,0.00000015614400000000
4194304,0.00000017221200000000
8388608,0.00000018786600000000
16777216,0.00000017373400000000
