Number of Words,Time
2,0.00000001338500000000
4,0.00000001321600000000
8,0.00000001316500000000
16,0.00000001326800000000
32,0.00000001432500000000
64,0.00000001453600000000
128,0.00000001498800000000
256,0.00000001913300000000
512,0.00000002295900000000
1024,0.00000002031800000000
2048,0.00000002422800000000
4096,0.00000002487300000000
8192,0.00000003340900000000
16384,0.00000004202500000000
32768,0.00000004848500000000
65536,0.00000005977700000000
131072,0.00000008503400000000
262144,0.00000010410800000000
524288,0.00000011208800000000
1048576,0.00000013824200000000
2097152,0.00000015895800000000
4194304,0.00000017355300000000
8388608,0.00000018664100000000
16777216,0.00000017198300000000
