Number of Words,Time
2,0.00000001489700000000
4,0.00000001480600000000
8,0.00000001470000000000
16,0.00000001475500000000
32,0.00000001612000000000
64,0.00000001654800000000
128,0.00000001693400000000
256,0.00000002035700000000
512,0.00000002678100000000
1024,0.00000002332100000000
2048,0.00000002477500000000
4096,0.00000002807400000000
8192,0.00000003298400000000
16384,0.00000003911400000000
32768,0.00000004169100000000
65536,0.00000005674600000000
131072,0.00000008104400000000
262144,0.00000009832400000000
524288,0.00000012077400000000
1048576,0.00000015521200000000
2097152,0.00000016902800000000
4194304,0.00000018445300000000
8388608,0.00000019644200000000
16777216,0.00000019047000000000
