Number of Words,Time
2,0.00000001343800000000
4,0.00000001323700000000
8,0.00000001314100000000
16,0.00000001326700000000
32,0.00000001424600000000
64,0.00000001474600000000
128,0.00000001506300000000
256,0.00000001562600000000
512,0.00000001656900000000
1024,0.00000001708100000000
2048,0.00000002033800000000
4096,0.00000002276300000000
8192,0.00000002927100000000
16384,0.00000003641500000000
32768,0.00000004759800000000
65536,0.00000007340900000000
131072,0.00000009296800000000
262144,0.00000010483000000000
524288,0.00000011488100000000
1048576,0.00000013711900000000
2097152,0.00000015069300000000
4194304,0.00000016509500000000
8388608,0.00000017343300000000
16777216,0.00000016614600000000
