Number of Words,Time
2,0.00000001337300000000
4,0.00000001320600000000
8,0.00000001309700000000
16,0.00000001319600000000
32,0.00000001458800000000
64,0.00000001479200000000
128,0.00000001460600000000
256,0.00000001853400000000
512,0.00000001961000000000
1024,0.00000002566900000000
2048,0.00000002257000000000
4096,0.00000002487100000000
8192,0.00000002973600000000
16384,0.00000003376800000000
32768,0.00000003903600000000
65536,0.00000005084900000000
131072,0.00000007313900000000
262144,0.00000009457300000000
524288,0.00000011255400000000
1048576,0.00000014291400000000
2097152,0.00000015688400000000
4194304,0.00000017148600000000
8388608,0.00000018450400000000
16777216,0.00000017515700000000
