Number of Words,Time
2,0.00000001338800000000
4,0.00000001319700000000
8,0.00000001311900000000
16,0.00000001318200000000
32,0.00000001356600000000
64,0.00000001383100000000
128,0.00000001405600000000
256,0.00000001555800000000
512,0.00000001980400000000
1024,0.00000002056500000000
2048,0.00000002264300000000
4096,0.00000002597100000000
8192,0.00000002879300000000
16384,0.00000003498200000000
32768,0.00000004178100000000
65536,0.00000005521300000000
131072,0.00000007759600000000
262144,0.00000009487900000000
524288,0.00000011101000000000
1048576,0.00000014060100000000
2097152,0.00000015606100000000
4194304,0.00000016949300000000
8388608,0.00000018205900000000
16777216,0.00000017149000000000
