Number of Words,Time
2,0.00000001347300000000
4,0.00000001317100000000
8,0.00000001313200000000
16,0.00000001318800000000
32,0.00000001418300000000
64,0.00000001462500000000
128,0.00000001406600000000
256,0.00000001416900000000
512,0.00000001550400000000
1024,0.00000001717000000000
2048,0.00000001929100000000
4096,0.00000002153000000000
8192,0.00000002423200000000
16384,0.00000003032600000000
32768,0.00000005332700000000
65536,0.00000007752000000000
131072,0.00000009330400000000
262144,0.00000010848500000000
524288,0.00000012842300000000
1048576,0.00000014187900000000
2097152,0.00000015892900000000
4194304,0.00000016575300000000
8388608,0.00000017984800000000
16777216,0.00000016928600000000
