Number of Words,Time
2,0.00000001339400000000
4,0.00000001329100000000
8,0.00000001316000000000
16,0.00000001331400000000
32,0.00000001434800000000
64,0.00000001467300000000
128,0.00000001520100000000
256,0.00000001576100000000
512,0.00000001614600000000
1024,0.00000001764800000000
2048,0.00000002017000000000
4096,0.00000002336700000000
8192,0.00000002644600000000
16384,0.00000003732800000000
32768,0.00000004789100000000
65536,0.00000007391300000000
131072,0.00000009125500000000
262144,0.00000010565600000000
524288,0.00000011353000000000
1048576,0.00000013571700000000
2097152,0.00000015103900000000
4194304,0.00000016562500000000
8388608,0.00000017543100000000
16777216,0.00000016637400000000
