Number of Words,Time
2,0.00000001350700000000
4,0.00000001325100000000
8,0.00000001315400000000
16,0.00000001325000000000
32,0.00000001420400000000
64,0.00000001502000000000
128,0.00000001386500000000
256,0.00000001440500000000
512,0.00000001547400000000
1024,0.00000001703000000000
2048,0.00000001939300000000
4096,0.00000002169100000000
8192,0.00000002496300000000
16384,0.00000003092200000000
32768,0.00000005691000000000
65536,0.00000008149700000000
131072,0.00000009488600000000
262144,0.00000010816600000000
524288,0.00000013474000000000
1048576,0.00000014849600000000
2097152,0.00000015958000000000
4194304,0.00000017029200000000
8388608,0.00000018219300000000
16777216,0.00000017899100000000
