Number of Words,Time
2,0.00000001341800000000
4,0.00000001320600000000
8,0.00000001313200000000
16,0.00000001387200000000
32,0.00000001491400000000
64,0.00000001490800000000
128,0.00000001519600000000
256,0.00000002233100000000
512,0.00000001980600000000
1024,0.00000002090300000000
2048,0.00000002253100000000
4096,0.00000002485400000000
8192,0.00000002933300000000
16384,0.00000003596200000000
32768,0.00000004329100000000
65536,0.00000004981100000000
131072,0.00000007567500000000
262144,0.00000009320100000000
524288,0.00000011243200000000
1048576,0.00000013477300000000
2097152,0.00000015423900000000
4194304,0.00000016848700000000
8388608,0.00000017735700000000
16777216,0.00000017166800000000
