Number of Words,Time
2,0.00000001343800000000
4,0.00000001322100000000
8,0.00000001310900000000
16,0.00000001322300000000
32,0.00000001317200000000
64,0.00000001373100000000
128,0.00000001409600000000
256,0.00000001567700000000
512,0.00000001985500000000
1024,0.00000002174900000000
2048,0.00000002232100000000
4096,0.00000002308600000000
8192,0.00000002948600000000
16384,0.00000003510200000000
32768,0.00000004064800000000
65536,0.00000004963600000000
131072,0.00000007376900000000
262144,0.00000009377100000000
524288,0.00000011498400000000
1048576,0.00000013399900000000
2097152,0.00000015661600000000
4194304,0.00000017056900000000
8388608,0.00000017993800000000
16777216,0.00000017007800000000
