Number of Words,Time
2,0.00000001341400000000
4,0.00000001326600000000
8,0.00000001312800000000
16,0.00000001320600000000
32,0.00000001436500000000
64,0.00000001460100000000
128,0.00000001508100000000
256,0.00000001835100000000
512,0.00000002001700000000
1024,0.00000002104500000000
2048,0.00000002262200000000
4096,0.00000002504500000000
8192,0.00000003001500000000
16384,0.00000003511900000000
32768,0.00000004138500000000
65536,0.00000005305800000000
131072,0.00000007139100000000
262144,0.00000009681800000000
524288,0.00000011483100000000
1048576,0.00000013817800000000
2097152,0.00000016013400000000
4194304,0.00000017099800000000
8388608,0.00000018628900000000
16777216,0.00000017494100000000
