Number of Words,Time
2,0.00000001344600000000
4,0.00000001318700000000
8,0.00000001313500000000
16,0.00000001318300000000
32,0.00000001435900000000
64,0.00000001455800000000
128,0.00000001463400000000
256,0.00000001910200000000
512,0.00000001970800000000
1024,0.00000002128500000000
2048,0.00000002312300000000
4096,0.00000002468100000000
8192,0.00000002901200000000
16384,0.00000003616600000000
32768,0.00000003889600000000
65536,0.00000004987600000000
131072,0.00000007763500000000
262144,0.00000009796500000000
524288,0.00000011389300000000
1048576,0.00000014132300000000
2097152,0.00000016167900000000
4194304,0.00000017545700000000
8388608,0.00000019231100000000
16777216,0.00000017108900000000
