Number of Words,Time
2,0.00000001350600000000
4,0.00000001326500000000
8,0.00000001319700000000
16,0.00000001323200000000
32,0.00000001442900000000
64,0.00000001480700000000
128,0.00000001492600000000
256,0.00000002179700000000
512,0.00000001975200000000
1024,0.00000002132900000000
2048,0.00000002244000000000
4096,0.00000002525300000000
8192,0.00000003057300000000
16384,0.00000004093100000000
32768,0.00000005216500000000
65536,0.00000006182200000000
131072,0.00000008782700000000
262144,0.00000009843900000000
524288,0.00000011367700000000
1048576,0.00000012446200000000
2097152,0.00000014894500000000
4194304,0.00000016455100000000
8388608,0.00000017590100000000
16777216,0.00000016843900000000
