Number of Words,Time
2,0.00000001353300000000
4,0.00000001324600000000
8,0.00000001313300000000
16,0.00000001320600000000
32,0.00000001403400000000
64,0.00000001419600000000
128,0.00000001399600000000
256,0.00000001413200000000
512,0.00000001546500000000
1024,0.00000001703000000000
2048,0.00000001921100000000
4096,0.00000002201500000000
8192,0.00000002523400000000
16384,0.00000003033700000000
32768,0.00000005464900000000
65536,0.00000008061600000000
131072,0.00000009437600000000
262144,0.00000010773200000000
524288,0.00000013345600000000
1048576,0.00000014786100000000
2097152,0.00000016040200000000
4194304,0.00000017054500000000
8388608,0.00000018189900000000
16777216,0.00000017342900000000
