Number of Words,Time
2,0.00000001352000000000
4,0.00000001323100000000
8,0.00000001316300000000
16,0.00000001322200000000
32,0.00000001438900000000
64,0.00000001464700000000
128,0.00000001505900000000
256,0.00000001982100000000
512,0.00000001966100000000
1024,0.00000002556800000000
2048,0.00000002297900000000
4096,0.00000002482600000000
8192,0.00000003113300000000
16384,0.00000003768300000000
32768,0.00000004482600000000
65536,0.00000005384300000000
131072,0.00000008350200000000
262144,0.00000010166800000000
524288,0.00000011524400000000
1048576,0.00000013998000000000
2097152,0.00000016274700000000
4194304,0.00000017151600000000
8388608,0.00000018307100000000
16777216,0.00000017626700000000
