Number of Words,Time
2,0.00000001331900000000
4,0.00000001325400000000
8,0.00000001314600000000
16,0.00000001322700000000
32,0.00000001416800000000
64,0.00000001443100000000
128,0.00000001479000000000
256,0.00000001929600000000
512,0.00000001955700000000
1024,0.00000002082000000000
2048,0.00000002246200000000
4096,0.00000002475400000000
8192,0.00000003152200000000
16384,0.00000003914100000000
32768,0.00000004830800000000
65536,0.00000006135000000000
131072,0.00000007774600000000
262144,0.00000010274900000000
524288,0.00000011582500000000
1048576,0.00000013006100000000
2097152,0.00000015621400000000
4194304,0.00000017126500000000
8388608,0.00000018458200000000
16777216,0.00000017342000000000
