Number of Words,Time
2,0.00000001340000000000
4,0.00000001317600000000
8,0.00000001316300000000
16,0.00000001315600000000
32,0.00000001422700000000
64,0.00000001416900000000
128,0.00000001508500000000
256,0.00000001826400000000
512,0.00000001975100000000
1024,0.00000002153100000000
2048,0.00000002748300000000
4096,0.00000002502400000000
8192,0.00000002943700000000
16384,0.00000003429700000000
32768,0.00000004159200000000
65536,0.00000005304700000000
131072,0.00000007802400000000
262144,0.00000009312100000000
524288,0.00000011272400000000
1048576,0.00000013769500000000
2097152,0.00000015544500000000
4194304,0.00000017209400000000
8388608,0.00000017911800000000
16777216,0.00000016833600000000
