Number of Words,Time
2,0.00000001518100000000
4,0.00000001480800000000
8,0.00000001469100000000
16,0.00000001477800000000
32,0.00000001573600000000
64,0.00000001598000000000
128,0.00000001639200000000
256,0.00000002092700000000
512,0.00000002184800000000
1024,0.00000002329800000000
2048,0.00000002912500000000
4096,0.00000002829600000000
8192,0.00000003334100000000
16384,0.00000003972100000000
32768,0.00000004293400000000
65536,0.00000005360000000000
131072,0.00000008721600000000
262144,0.00000010386900000000
524288,0.00000011938300000000
1048576,0.00000016312600000000
2097152,0.00000017739700000000
4194304,0.00000019036400000000
8388608,0.00000020334400000000
16777216,0.00000019311000000000
