Number of Words,Time
1000,0.00000015009400000000
2000,0.00000014456750000000
3000,0.00000014173766666667
4000,0.00000013955675000000
5000,0.00000013489420000000
6000,0.00000013246733333333
7000,0.00000012835742857143
8000,0.00000012430937500000
9000,0.00000012066211111111
10000,0.00000011851290000000
11000,0.00000011693381818182
12000,0.00000011389100000000
13000,0.00000011416253846154
14000,0.00000011438878571429
15000,0.00000011537286666667
16000,0.00000011532906250000
17000,0.00000011475723529412
18000,0.00000011450433333333
19000,0.00000011814468421053
20000,0.00000012411520000000
21000,0.00000012299361904762
22000,0.00000012469854545455
23000,0.00000012486969565217
24000,0.00000012548358333333
25000,0.00000012890100000000
26000,0.00000012988634615385
27000,0.00000012965033333333
28000,0.00000012961182142857
29000,0.00000012931996551724
30000,0.00000012886100000000
31000,0.00000012927070967742
32000,0.00000012954734375000
33000,0.00000013119303030303
34000,0.00000013248691176471
35000,0.00000013248597142857
36000,0.00000013215816666667
37000,0.00000013246589189189
38000,0.00000013618492105263
39000,0.00000013423553846154
40000,0.00000013467950000000
41000,0.00000013572858536585
42000,0.00000013324511904762
43000,0.00000013462423255814
44000,0.00000013305768181818
45000,0.00000013269762222222
46000,0.00000013360791304348
47000,0.00000013345693617021
48000,0.00000013332979166667
49000,0.00000013384330612245
50000,0.00000013266078000000
51000,0.00000013228056862745
52000,0.00000013514511538462
53000,0.00000013317841509434
54000,0.00000013493494444444
55000,0.00000013355634545455
56000,0.00000013559673214286
57000,0.00000013372457894737
58000,0.00000013283236206897
59000,0.00000013400798305085
60000,0.00000013329778333333
61000,0.00000013567914754098
62000,0.00000013410322580645
63000,0.00000013344484126984
64000,0.00000013290581250000
65000,0.00000013331058461538
66000,0.00000013598824242424
67000,0.00000013449249253731
68000,0.00000013427844117647
69000,0.00000013348376811594
70000,0.00000013282344285714
71000,0.00000013312725352113
72000,0.00000013368413888889
73000,0.00000013334335616438
74000,0.00000013307177027027
75000,0.00000013300404000000
76000,0.00000013281472368421
77000,0.00000013324137662338
78000,0.00000013291950000000
79000,0.00000013266468354430
80000,0.00000013321806250000
81000,0.00000013292170370370
82000,0.00000013379465853659
83000,0.00000013414602409639
84000,0.00000013373559523810
85000,0.00000013305211764706
86000,0.00000013299438372093
87000,0.00000013268901149425
88000,0.00000013309378409091
89000,0.00000013284860674157
90000,0.00000013334284444444
91000,0.00000013274786813187
92000,0.00000013284439130435
93000,0.00000013228141935484
94000,0.00000013261696808511
95000,0.00000013360827368421
96000,0.00000013368215625000
97000,0.00000013362952577320
98000,0.00000013320819387755
99000,0.00000013285742424242
100000,0.00000013261852000000
101000,0.00000013230102970297
102000,0.00000013268657843137
103000,0.00000013260724271845
104000,0.00000013300636538462
105000,0.00000015052973333333
106000,0.00000013685510377358
107000,0.00000013316508411215
108000,0.00000013341769444444
109000,0.00000013405355963303
110000,0.00000013362179090909
111000,0.00000013312619819820
112000,0.00000013305820535714
113000,0.00000013279568141593
114000,0.00000013290517543860
115000,0.00000013342636521739
116000,0.00000013290769827586
117000,0.00000013262703418803
118000,0.00000013283457627119
119000,0.00000013280456302521
120000,0.00000013712072500000
121000,0.00000014356445454545
122000,0.00000013503131147541
123000,0.00000013345289430894
124000,0.00000013381062903226
125000,0.00000013439021600000
126000,0.00000013470618253968
127000,0.00000013407129133858
128000,0.00000013461668750000
129000,0.00000013448737984496
130000,0.00000013598815384615
131000,0.00000013356056488550
132000,0.00000013299384848485
133000,0.00000015210721052632
134000,0.00000013190733582090
135000,0.00000013193577037037
136000,0.00000013251863235294
137000,0.00000013243597810219
138000,0.00000013250539855072
139000,0.00000013298233093525
140000,0.00000013364647857143
141000,0.00000013348684397163
142000,0.00000013299157042254
143000,0.00000013275397902098
144000,0.00000013307679861111
145000,0.00000013266557931034
146000,0.00000013249725342466
147000,0.00000013262416326531
148000,0.00000013309529729730
149000,0.00000013397361073826
150000,0.00000013346358000000
151000,0.00000013242369536424
152000,0.00000014619179605263
153000,0.00000013330054248366
154000,0.00000013547219480519
155000,0.00000013404036129032
156000,0.00000013295747435897
157000,0.00000013407318471338
158000,0.00000013318397468354
159000,0.00000013273134591195
160000,0.00000013296006250000
161000,0.00000013257702484472
162000,0.00000013238284567901
163000,0.00000013256923312883
164000,0.00000013282328048780
165000,0.00000013290147272727
166000,0.00000013552116265060
167000,0.00000013504338922156
168000,0.00000013349648809524
169000,0.00000013318988757396
170000,0.00000013441407647059
171000,0.00000013296445614035
172000,0.00000013453926744186
173000,0.00000013408336416185
174000,0.00000013318056896552
175000,0.00000013298871428571
176000,0.00000013334219886364
177000,0.00000013285093785311
178000,0.00000013269713483146
179000,0.00000014088575977654
180000,0.00000013887087777778
181000,0.00000013316548618785
182000,0.00000013259554395604
183000,0.00000013265648633880
184000,0.00000013260924456522
185000,0.00000013269171351351
186000,0.00000013267498387097
187000,0.00000013327700534759
188000,0.00000013258335638298
189000,0.00000013328446560847
190000,0.00000013253608421053
191000,0.00000013423398952880
192000,0.00000013264357812500
193000,0.00000013260390155440
194000,0.00000013330623195876
195000,0.00000013237307179487
196000,0.00000013232513775510
197000,0.00000013264501015228
198000,0.00000013206239898990
199000,0.00000013213746733668
200000,0.00000013286820000000
201000,0.00000013546256218905
202000,0.00000013421875742574
203000,0.00000013280899014778
204000,0.00000013445020588235
205000,0.00000013283765365854
206000,0.00000013523630097087
207000,0.00000013901145893720
208000,0.00000013757069711538
209000,0.00000013270931578947
210000,0.00000013230978571429
211000,0.00000013283882464455
212000,0.00000013276667452830
213000,0.00000013374671830986
214000,0.00000013297669158879
215000,0.00000013247465581395
216000,0.00000013270356481481
217000,0.00000013253450691244
218000,0.00000013279915137615
219000,0.00000013301593150685
220000,0.00000013228978636364
221000,0.00000013242721266968
222000,0.00000013434258108108
223000,0.00000013244591928251
224000,0.00000013269545982143
225000,0.00000013292459111111
226000,0.00000013226407522124
227000,0.00000013205674449339
228000,0.00000013214482456140
229000,0.00000013641486026201
230000,0.00000013365813478261
231000,0.00000013335443722944
232000,0.00000013215000862069
233000,0.00000013458291845494
234000,0.00000013344695299145
235000,0.00000013901287234043
236000,0.00000014269779237288
237000,0.00000013255523628692
238000,0.00000013218163445378
239000,0.00000013218792468619
240000,0.00000013200155833333
241000,0.00000013269756846473
242000,0.00000013269397933884
243000,0.00000013229427160494
244000,0.00000013265457377049
245000,0.00000013232610204082
246000,0.00000013347980894309
247000,0.00000013270112145749
248000,0.00000013279050403226
249000,0.00000013456031726908
250000,0.00000013226728400000
251000,0.00000013226050199203
252000,0.00000013288711111111
253000,0.00000013255469565217
254000,0.00000013216007086614
255000,0.00000013217463137255
256000,0.00000013432664453125
257000,0.00000013375193774319
258000,0.00000013219404263566
259000,0.00000013280199227799
260000,0.00000013234439615385
261000,0.00000013220111494253
262000,0.00000014210037022901
263000,0.00000013245204562738
264000,0.00000013234629166667
265000,0.00000013239340377358
266000,0.00000013222754887218
267000,0.00000013278919101124
268000,0.00000013223455970149
269000,0.00000013205608178439
270000,0.00000013218208148148
271000,0.00000013349447970480
272000,0.00000013259756250000
273000,0.00000013437305860806
274000,0.00000013375141240876
275000,0.00000013227167636364
276000,0.00000013290663043478
277000,0.00000013571680144404
278000,0.00000013234525539568
279000,0.00000013356830824373
280000,0.00000013493921071429
281000,0.00000013443903202847
282000,0.00000013312869858156
283000,0.00000013247238515901
284000,0.00000013214443661972
285000,0.00000013366706666667
286000,0.00000013244373776224
287000,0.00000013244793031359
288000,0.00000013223057986111
289000,0.00000013241289619377
290000,0.00000013305772758621
291000,0.00000013254980756014
292000,0.00000013240115410959
293000,0.00000013215987372014
294000,0.00000013277528231293
295000,0.00000013838014237288
296000,0.00000013396660135135
297000,0.00000013224748484848
298000,0.00000013224653020134
299000,0.00000013252081605351
300000,0.00000013197600000000
301000,0.00000013349598338870
302000,0.00000013452776158940
303000,0.00000013768795709571
304000,0.00000013469471381579
305000,0.00000013299144262295
306000,0.00000013648373856209
307000,0.00000013623748859935
308000,0.00000013230219480519
309000,0.00000013230698381877
310000,0.00000013205583548387
311000,0.00000013249397106109
312000,0.00000013233481410256
313000,0.00000013215914696486
314000,0.00000013245389490446
315000,0.00000013265717460317
316000,0.00000013395558860759
317000,0.00000013235659936909
318000,0.00000013219405660377
319000,0.00000013258108777429
320000,0.00000013217434687500
321000,0.00000013169678816199
322000,0.00000013323892857143
323000,0.00000013531163777090
324000,0.00000013581361111111
325000,0.00000013256522461538
326000,0.00000013261915030675
327000,0.00000013322587767584
328000,0.00000013206436280488
329000,0.00000013220568693009
330000,0.00000013195360000000
331000,0.00000013216877945619
332000,0.00000013242618373494
333000,0.00000013201340240240
334000,0.00000013761645209581
335000,0.00000013306377014925
336000,0.00000013353836904762
337000,0.00000013256362314540
338000,0.00000013203275147929
339000,0.00000013278709734513
340000,0.00000013193985882353
341000,0.00000013334456891496
342000,0.00000013310552046784
343000,0.00000013362222157434
344000,0.00000013192282848837
345000,0.00000013246474492754
346000,0.00000013751725722543
347000,0.00000013228686743516
348000,0.00000013202931321839
349000,0.00000013197548137536
350000,0.00000013197809714286
351000,0.00000013229137037037
352000,0.00000013216287784091
353000,0.00000013178137960340
354000,0.00000013370209039548
355000,0.00000013261196338028
356000,0.00000013218448033708
357000,0.00000013217316526611
358000,0.00000013223331843575
359000,0.00000013258328133705
360000,0.00000013317590555556
361000,0.00000014509799168975
362000,0.00000013644565745856
363000,0.00000013653505785124
364000,0.00000014897929395604
365000,0.00000013232639178082
366000,0.00000013196972950820
367000,0.00000013195600272480
368000,0.00000013203277989130
369000,0.00000013196549322493
370000,0.00000013207894324324
371000,0.00000013183458221024
372000,0.00000013340534139785
373000,0.00000013250116621984
374000,0.00000013189693850267
375000,0.00000013248442400000
376000,0.00000013218103457447
377000,0.00000013282381167109
378000,0.00000013393649470899
379000,0.00000014243099736148
380000,0.00000014871283947368
381000,0.00000013836303674541
382000,0.00000013285358115183
383000,0.00000013189207571802
384000,0.00000013197858072917
385000,0.00000013206164675325
386000,0.00000013176819689119
387000,0.00000013727605426357
388000,0.00000013240376546392
389000,0.00000013443982262211
390000,0.00000013248430512821
391000,0.00000013236577493606
392000,0.00000013229524744898
393000,0.00000013250769720102
394000,0.00000013498014974619
395000,0.00000013251953670886
396000,0.00000013230259595960
397000,0.00000013252092443325
398000,0.00000013300862311558
399000,0.00000013830565413534
400000,0.00000013214246000000
401000,0.00000013193295760599
402000,0.00000013183286567164
403000,0.00000013210700744417
404000,0.00000013241173267327
405000,0.00000013665315802469
406000,0.00000013234912807882
407000,0.00000013196332678133
408000,0.00000013246988480392
409000,0.00000013306715892421
410000,0.00000013777471219512
411000,0.00000013300003163017
412000,0.00000013212939320388
413000,0.00000013672863438257
414000,0.00000013334836231884
415000,0.00000013191974457831
416000,0.00000013174917307692
417000,0.00000013169741726619
418000,0.00000013190605741627
419000,0.00000013185796897375
420000,0.00000013258823095238
421000,0.00000013244010451306
422000,0.00000013259399763033
423000,0.00000013170249172577
424000,0.00000013239941745283
425000,0.00000013320584235294
426000,0.00000013331570892019
427000,0.00000013167647306792
428000,0.00000013204775934579
429000,0.00000013336339160839
430000,0.00000013172070697674
431000,0.00000013158152668213
432000,0.00000013161867824074
433000,0.00000013158586143187
434000,0.00000013199873271889
435000,0.00000013209797241379
436000,0.00000013212824082569
437000,0.00000013225499084668
438000,0.00000013146481506849
439000,0.00000013268949886105
440000,0.00000013522176136364
441000,0.00000013248412471655
442000,0.00000013194209728507
443000,0.00000013596187133183
444000,0.00000013351421846847
445000,0.00000013167106067416
446000,0.00000013165026457399
447000,0.00000013193691051454
448000,0.00000013154438616071
449000,0.00000013151534075724
450000,0.00000013266364444444
451000,0.00000013147188248337
452000,0.00000013190272787611
453000,0.00000013226075275938
454000,0.00000013272574008811
455000,0.00000013367671868132
456000,0.00000013159151096491
457000,0.00000013200194748359
458000,0.00000014168648471616
459000,0.00000013178764270153
460000,0.00000013152038043478
461000,0.00000013152655314534
462000,0.00000013194814069264
463000,0.00000013203317062635
464000,0.00000013243239870690
465000,0.00000013161636344086
466000,0.00000013221662660944
467000,0.00000013230456316916
468000,0.00000013262312820513
469000,0.00000013302862046908
470000,0.00000013168984893617
471000,0.00000013643684288747
472000,0.00000013275148093220
473000,0.00000013202397040169
474000,0.00000013140861603376
475000,0.00000013158726105263
476000,0.00000013174789075630
477000,0.00000013140169392034
478000,0.00000013363615690377
479000,0.00000013190618162839
480000,0.00000013161703541667
481000,0.00000013234889397089
482000,0.00000013503988796680
483000,0.00000013218031469979
484000,0.00000013163106611570
485000,0.00000013152169690722
486000,0.00000013300562962963
487000,0.00000013156443121150
488000,0.00000013186004303279
489000,0.00000013573477096115
490000,0.00000013170815918367
491000,0.00000013528508553971
492000,0.00000013137813414634
493000,0.00000013182068965517
494000,0.00000013234637044534
495000,0.00000013474793131313
496000,0.00000013410963306452
497000,0.00000013564689537223
498000,0.00000013210718072289
499000,0.00000013270161322645
500000,0.00000013136054200000
501000,0.00000013148256087824
502000,0.00000013168940438247
503000,0.00000013140224652087
504000,0.00000013280816468254
505000,0.00000013145339603960
506000,0.00000013160777865613
507000,0.00000013256403550296
508000,0.00000013432045669291
509000,0.00000013224389587426
510000,0.00000013162701372549
511000,0.00000013282633659491
512000,0.00000013236961328125
513000,0.00000013133511306043
514000,0.00000013156430544747
515000,0.00000013163870097087
516000,0.00000013138831201550
517000,0.00000013245062862669
518000,0.00000013132802316602
519000,0.00000013203512524085
520000,0.00000013314045192308
521000,0.00000013306820537428
522000,0.00000013190957662835
523000,0.00000013149664053537
524000,0.00000013601600000000
525000,0.00000012160490285714
526000,0.00000012558553231939
527000,0.00000012179586148008
528000,0.00000012145898106061
529000,0.00000013032451039698
530000,0.00000013146416792453
531000,0.00000013159503201507
532000,0.00000013284207518797
533000,0.00000013275348780488
534000,0.00000013295656554307
535000,0.00000013126967289720
536000,0.00000013586746455224
537000,0.00000013889752513966
538000,0.00000013173145353160
539000,0.00000013164679220779
540000,0.00000013162989074074
541000,0.00000013232788354898
542000,0.00000013128843726937
543000,0.00000013130071639042
544000,0.00000013281608455882
545000,0.00000013264406972477
546000,0.00000013282542490842
547000,0.00000013129538208410
548000,0.00000013154152189781
549000,0.00000013280733697632
550000,0.00000013521801818182
551000,0.00000013174950998185
552000,0.00000013136218659420
553000,0.00000013274542676311
554000,0.00000013235167509025
555000,0.00000013207892972973
556000,0.00000013199787410072
557000,0.00000013315567324955
558000,0.00000013263909498208
559000,0.00000013147971914132
560000,0.00000013154241785714
561000,0.00000013478566844920
562000,0.00000015560353914591
563000,0.00000013461376376554
564000,0.00000013530630141844
565000,0.00000013169633097345
566000,0.00000013121714487633
567000,0.00000013228526455026
568000,0.00000013296045950704
569000,0.00000013574619332162
570000,0.00000013173868596491
571000,0.00000013112974781086
572000,0.00000013468468881119
573000,0.00000013251535951134
574000,0.00000013132123693380
575000,0.00000013101048173913
576000,0.00000013228083159722
577000,0.00000013124023743501
578000,0.00000013201523010381
579000,0.00000013227904835924
580000,0.00000013156809310345
581000,0.00000013286660240964
582000,0.00000013110863573883
583000,0.00000013202893138937
584000,0.00000013211976198630
585000,0.00000013153690085470
586000,0.00000013125202559727
587000,0.00000013188703918228
588000,0.00000013124581632653
589000,0.00000013169568930390
590000,0.00000013304258135593
591000,0.00000013175167681895
592000,0.00000013282159459459
593000,0.00000013129272681282
594000,0.00000013256837878788
595000,0.00000013472589243697
596000,0.00000013266707382550
597000,0.00000013163822278057
598000,0.00000013206472575251
599000,0.00000013112510183639
600000,0.00000013185338166667
601000,0.00000013375009983361
602000,0.00000013163497840532
603000,0.00000013242195854063
604000,0.00000013121650993377
605000,0.00000013857675041322
606000,0.00000013485228547855
607000,0.00000013169834925865
608000,0.00000013206363322368
609000,0.00000013156628571429
610000,0.00000013129678032787
611000,0.00000013269391816694
612000,0.00000013182298202614
613000,0.00000013164609787928
614000,0.00000013163258631922
615000,0.00000013118598861789
616000,0.00000013607992045455
617000,0.00000013153319286872
618000,0.00000013121979449838
619000,0.00000013169849757674
620000,0.00000013290226612903
621000,0.00000013154909339775
622000,0.00000013257739067524
623000,0.00000013167446709470
624000,0.00000013257633653846
625000,0.00000013109701760000
626000,0.00000013166293929712
627000,0.00000013186971929825
628000,0.00000013117439490446
629000,0.00000013118385214626
630000,0.00000013478835555556
631000,0.00000013163684469097
632000,0.00000013282262183544
633000,0.00000013199308214850
634000,0.00000013488357255521
635000,0.00000013143981732283
636000,0.00000013382811792453
637000,0.00000013550542386185
638000,0.00000013194248275862
639000,0.00000013113518935837
640000,0.00000013192629218750
641000,0.00000013205459126365
642000,0.00000013239592990654
643000,0.00000013177463919129
644000,0.00000013171435714286
645000,0.00000013501051162791
646000,0.00000013107555417957
647000,0.00000013239634621329
648000,0.00000013172473302469
649000,0.00000013123892141757
650000,0.00000013221602615385
651000,0.00000013172765745008
652000,0.00000013231411656442
653000,0.00000013138900765697
654000,0.00000013156759174312
655000,0.00000013199330076336
656000,0.00000013429872713415
657000,0.00000013228222374429
658000,0.00000013121929635258
659000,0.00000013127184370258
660000,0.00000013165071515152
661000,0.00000013206584720121
662000,0.00000013260567522659
663000,0.00000013145363650075
664000,0.00000013199469277108
665000,0.00000013126574135338
666000,0.00000013204632282282
667000,0.00000013640774512744
668000,0.00000012976237425150
669000,0.00000013101838565022
670000,0.00000013196601343284
671000,0.00000013185397913562
672000,0.00000013179830505952
673000,0.00000013118960178306
674000,0.00000013208013501484
675000,0.00000013110777629630
676000,0.00000013541831804734
677000,0.00000013201260856721
678000,0.00000013092465929204
679000,0.00000013140401767305
680000,0.00000013311131029412
681000,0.00000013198016593245
682000,0.00000013112705278592
683000,0.00000013149074670571
684000,0.00000013239928362573
685000,0.00000013145720729927
686000,0.00000013193505976676
687000,0.00000013162913537118
688000,0.00000013141312354651
689000,0.00000013428353265602
690000,0.00000013220312463768
691000,0.00000013231915918958
692000,0.00000013121797976879
693000,0.00000013473947474747
694000,0.00000013082093083573
695000,0.00000013468373525180
696000,0.00000013196849137931
697000,0.00000013117833715925
698000,0.00000013181374068768
699000,0.00000013219898855508
700000,0.00000013241316285714
701000,0.00000013112886447932
702000,0.00000013140133475783
703000,0.00000013172304125178
704000,0.00000013481292329545
705000,0.00000013207548936170
706000,0.00000013122678328612
707000,0.00000013098372418670
708000,0.00000013193227683616
709000,0.00000013213671086037
710000,0.00000013101611126761
711000,0.00000013157860759494
712000,0.00000013148941573034
713000,0.00000013435712762973
714000,0.00000013202934593838
715000,0.00000013138856223776
716000,0.00000013114673743017
717000,0.00000013193637656904
718000,0.00000013278531754875
719000,0.00000013106802364395
720000,0.00000013121725972222
721000,0.00000013185264216366
722000,0.00000013428042797784
723000,0.00000013476280636238
724000,0.00000013095292955801
725000,0.00000013047971172414
726000,0.00000013221265840220
727000,0.00000013179795460798
728000,0.00000013066025686813
729000,0.00000013119424554184
730000,0.00000013124649589041
731000,0.00000013444696306430
732000,0.00000013429392486339
733000,0.00000013142450613915
734000,0.00000013673845367847
735000,0.00000013447890884354
736000,0.00000013166349728261
737000,0.00000013092790094980
738000,0.00000013484321815718
739000,0.00000013182083897158
740000,0.00000013159911756757
741000,0.00000013139427665317
742000,0.00000013070893530997
743000,0.00000013394507537012
744000,0.00000013117050672043
745000,0.00000013135901342282
746000,0.00000013152882975871
747000,0.00000013054602945114
748000,0.00000013600274598930
749000,0.00000013141412416555
750000,0.00000013085985200000
751000,0.00000013056827430093
752000,0.00000013141129122340
753000,0.00000013153468924303
754000,0.00000013062216843501
755000,0.00000013045046622517
756000,0.00000013075542724868
757000,0.00000013142309247028
758000,0.00000013151763588391
759000,0.00000013086962318841
760000,0.00000013049640263158
761000,0.00000013139661892247
762000,0.00000013393017847769
763000,0.00000013057102490170
764000,0.00000013064315706806
765000,0.00000013100674509804
766000,0.00000013389317362924
767000,0.00000013110013820078
768000,0.00000013080561588542
769000,0.00000013589066840052
770000,0.00000013465485194805
771000,0.00000013073436835279
772000,0.00000013071669041451
773000,0.00000013113001293661
774000,0.00000013102313178295
775000,0.00000013643871354839
776000,0.00000013196444845361
777000,0.00000013097077348777
778000,0.00000013190241002571
779000,0.00000013282929653402
780000,0.00000013076646153846
781000,0.00000013041859539052
782000,0.00000013438915984655
783000,0.00000013065759642401
784000,0.00000013160918367347
785000,0.00000013047048025478
786000,0.00000013718272010178
787000,0.00000013618679161372
788000,0.00000013540771954315
789000,0.00000013478887325729
790000,0.00000013574777974684
791000,0.00000013752514032870
792000,0.00000013743700000000
793000,0.00000013509690542245
794000,0.00000013768675314861
795000,0.00000013547021886792
796000,0.00000014547257537688
797000,0.00000014099946925972
798000,0.00000014355953258145
799000,0.00000014319740801001
