Number of Words,Time
2,0.00000001358300000000
4,0.00000001328700000000
8,0.00000001317600000000
16,0.00000001325300000000
32,0.00000001438200000000
64,0.00000001466800000000
128,0.00000001500000000000
256,0.00000001528900000000
512,0.00000001639000000000
1024,0.00000001774700000000
2048,0.00000001968100000000
4096,0.00000002264500000000
8192,0.00000002854100000000
16384,0.00000003602400000000
32768,0.00000004859400000000
65536,0.00000007123700000000
131072,0.00000008909000000000
262144,0.00000010539600000000
524288,0.00000011317900000000
1048576,0.00000013637800000000
2097152,0.00000014958400000000
4194304,0.00000016841200000000
8388608,0.00000017392900000000
16777216,0.00000016708800000000
