Number of Words,Time
2,0.00000001388100000000
4,0.00000001325000000000
8,0.00000001314300000000
16,0.00000001323200000000
32,0.00000001435500000000
64,0.00000001478400000000
128,0.00000001397600000000
256,0.00000001428500000000
512,0.00000001494600000000
1024,0.00000001736000000000
2048,0.00000001900900000000
4096,0.00000002188400000000
8192,0.00000002498800000000
16384,0.00000002974300000000
32768,0.00000005457900000000
65536,0.00000007898000000000
131072,0.00000010930100000000
262144,0.00000010976800000000
524288,0.00000013589800000000
1048576,0.00000014613000000000
2097152,0.00000015834400000000
4194304,0.00000017055900000000
8388608,0.00000018491800000000
16777216,0.00000017261900000000
