Number of Words,Time
2,0.00000001359800000000
4,0.00000001318800000000
8,0.00000001310800000000
16,0.00000001320400000000
32,0.00000001401900000000
64,0.00000001449100000000
128,0.00000001533200000000
256,0.00000001891200000000
512,0.00000001944300000000
1024,0.00000002016800000000
2048,0.00000002263400000000
4096,0.00000002516900000000
8192,0.00000003104800000000
16384,0.00000003705600000000
32768,0.00000003890900000000
65536,0.00000005068000000000
131072,0.00000007820400000000
262144,0.00000010539600000000
524288,0.00000011446400000000
1048576,0.00000013770700000000
2097152,0.00000015469500000000
4194304,0.00000017112200000000
8388608,0.00000017691200000000
16777216,0.00000016544000000000
