Number of Words,Time
2,0.00000001341100000000
4,0.00000001322600000000
8,0.00000001313600000000
16,0.00000001327800000000
32,0.00000001441500000000
64,0.00000001462100000000
128,0.00000001381400000000
256,0.00000001423500000000
512,0.00000001558400000000
1024,0.00000001678700000000
2048,0.00000001923500000000
4096,0.00000002171100000000
8192,0.00000002474000000000
16384,0.00000002956200000000
32768,0.00000005234400000000
65536,0.00000007791200000000
131072,0.00000009245200000000
262144,0.00000010873500000000
524288,0.00000012987600000000
1048576,0.00000014164400000000
2097152,0.00000015470400000000
4194304,0.00000016970700000000
8388608,0.00000017601600000000
16777216,0.00000016870300000000
