Number of Words,Time
2,0.00000001357400000000
4,0.00000001325200000000
8,0.00000001320200000000
16,0.00000001328800000000
32,0.00000001447400000000
64,0.00000001453300000000
128,0.00000001512800000000
256,0.00000001854300000000
512,0.00000001979400000000
1024,0.00000002099500000000
2048,0.00000002270300000000
4096,0.00000002427300000000
8192,0.00000003150900000000
16384,0.00000003975700000000
32768,0.00000005161000000000
65536,0.00000006387300000000
131072,0.00000007834500000000
262144,0.00000010403900000000
524288,0.00000012345900000000
1048576,0.00000012836100000000
2097152,0.00000015055200000000
4194304,0.00000017022700000000
8388608,0.00000020363400000000
16777216,0.00000017396400000000
