Number of Words,Time
2,0.00000001358900000000
4,0.00000001318100000000
8,0.00000001319500000000
16,0.00000001323000000000
32,0.00000001364800000000
64,0.00000001403600000000
128,0.00000001412100000000
256,0.00000001531000000000
512,0.00000001963200000000
1024,0.00000002051300000000
2048,0.00000002321500000000
4096,0.00000002396800000000
8192,0.00000002848400000000
16384,0.00000003390000000000
32768,0.00000003770400000000
65536,0.00000005104000000000
131072,0.00000007706500000000
262144,0.00000009723200000000
524288,0.00000011348900000000
1048576,0.00000013747100000000
2097152,0.00000015737100000000
4194304,0.00000016744300000000
8388608,0.00000017776400000000
16777216,0.00000017074700000000
