Number of Words,Time
2,0.00000001333800000000
4,0.00000001317800000000
8,0.00000001310000000000
16,0.00000001315000000000
32,0.00000001452500000000
64,0.00000001514300000000
128,0.00000001492900000000
256,0.00000001938900000000
512,0.00000001973600000000
1024,0.00000002112700000000
2048,0.00000002228300000000
4096,0.00000002351600000000
8192,0.00000002980200000000
16384,0.00000003535200000000
32768,0.00000003733500000000
65536,0.00000005266100000000
131072,0.00000008017400000000
262144,0.00000009595900000000
524288,0.00000011187500000000
1048576,0.00000014421700000000
2097152,0.00000015595000000000
4194304,0.00000017262400000000
8388608,0.00000018184300000000
16777216,0.00000018710300000000
