Number of Words,Time
2,0.00000001337500000000
4,0.00000001322500000000
8,0.00000001312900000000
16,0.00000001317100000000
32,0.00000001427500000000
64,0.00000001475900000000
128,0.00000001520700000000
256,0.00000001816200000000
512,0.00000001958500000000
1024,0.00000002189200000000
2048,0.00000002365200000000
4096,0.00000002605200000000
8192,0.00000003286400000000
16384,0.00000004075200000000
32768,0.00000005645900000000
65536,0.00000008545500000000
131072,0.00000008915000000000
262144,0.00000010466600000000
524288,0.00000012196500000000
1048576,0.00000012812900000000
2097152,0.00000015678200000000
4194304,0.00000016826300000000
8388608,0.00000018475500000000
16777216,0.00000017722200000000
