Number of Words,Time
2,0.00000001339500000000
4,0.00000001319200000000
8,0.00000001313000000000
16,0.00000001325000000000
32,0.00000001428800000000
64,0.00000001472800000000
128,0.00000001514000000000
256,0.00000001841000000000
512,0.00000001947500000000
1024,0.00000002067900000000
2048,0.00000002487300000000
4096,0.00000002516200000000
8192,0.00000002938100000000
16384,0.00000003709900000000
32768,0.00000004339400000000
65536,0.00000005290600000000
131072,0.00000007785500000000
262144,0.00000009560700000000
524288,0.00000011189800000000
1048576,0.00000013650700000000
2097152,0.00000015563500000000
4194304,0.00000017117000000000
8388608,0.00000017784200000000
16777216,0.00000016938000000000
