Number of Words,Time
2,0.00000001354400000000
4,0.00000001322500000000
8,0.00000001309300000000
16,0.00000001326400000000
32,0.00000001428000000000
64,0.00000001462300000000
128,0.00000001467600000000
256,0.00000001903900000000
512,0.00000001957800000000
1024,0.00000002129000000000
2048,0.00000002299400000000
4096,0.00000002594900000000
8192,0.00000003169100000000
16384,0.00000003410900000000
32768,0.00000003827200000000
65536,0.00000005697400000000
131072,0.00000007953500000000
262144,0.00000009629900000000
524288,0.00000011359900000000
1048576,0.00000014359800000000
2097152,0.00000016350900000000
4194304,0.00000017166000000000
8388608,0.00000018669900000000
16777216,0.00000017303100000000
