Number of Words,Time
2,0.00000001528700000000
4,0.00000001447900000000
8,0.00000001380100000000
16,0.00000001352800000000
32,0.00000001435800000000
64,0.00000001447300000000
128,0.00000001469600000000
256,0.00000001847000000000
512,0.00000002015600000000
1024,0.00000002011200000000
2048,0.00000002252000000000
4096,0.00000002460100000000
8192,0.00000002943600000000
16384,0.00000003672600000000
32768,0.00000004324400000000
65536,0.00000005075600000000
131072,0.00000007627300000000
262144,0.00000009705500000000
524288,0.00000011395200000000
1048576,0.00000013174900000000
2097152,0.00000015514100000000
4194304,0.00000017020600000000
8388608,0.00000017801000000000
16777216,0.00000016822100000000
