Number of Words,Time
2,0.00000001347100000000
4,0.00000001326400000000
8,0.00000001314600000000
16,0.00000001325500000000
32,0.00000001439200000000
64,0.00000001484100000000
128,0.00000001523200000000
256,0.00000002052100000000
512,0.00000002069900000000
1024,0.00000002229400000000
2048,0.00000002348600000000
4096,0.00000002562100000000
8192,0.00000003262000000000
16384,0.00000003988900000000
32768,0.00000004973200000000
65536,0.00000006299200000000
131072,0.00000008875900000000
262144,0.00000010190700000000
524288,0.00000011402000000000
1048576,0.00000012694800000000
2097152,0.00000015292200000000
4194304,0.00000016871100000000
8388608,0.00000018100200000000
16777216,0.00000016848500000000
