Number of Words,Time
2,0.00000001333900000000
4,0.00000001323400000000
8,0.00000001316100000000
16,0.00000001320700000000
32,0.00000001401800000000
64,0.00000001469900000000
128,0.00000001520300000000
256,0.00000001865000000000
512,0.00000001923500000000
1024,0.00000002059700000000
2048,0.00000002272200000000
4096,0.00000002772900000000
8192,0.00000003115400000000
16384,0.00000004246000000000
32768,0.00000005145900000000
65536,0.00000006486900000000
131072,0.00000009062900000000
262144,0.00000010125400000000
524288,0.00000011320400000000
1048576,0.00000012370700000000
2097152,0.00000015633600000000
4194304,0.00000016513300000000
8388608,0.00000018536600000000
16777216,0.00000016690700000000
