Number of Words,Time
2,0.00000001347500000000
4,0.00000001321800000000
8,0.00000001314700000000
16,0.00000001317300000000
32,0.00000001428400000000
64,0.00000001466100000000
128,0.00000001502100000000
256,0.00000001857100000000
512,0.00000001926500000000
1024,0.00000002000500000000
2048,0.00000002300100000000
4096,0.00000002482600000000
8192,0.00000002931900000000
16384,0.00000003427300000000
32768,0.00000004040300000000
65536,0.00000005280200000000
131072,0.00000007817500000000
262144,0.00000009973500000000
524288,0.00000011138400000000
1048576,0.00000014855500000000
2097152,0.00000016294200000000
4194304,0.00000017285000000000
8388608,0.00000018140100000000
16777216,0.00000017080000000000
