Number of Words,Time
2,0.00000001405000000000
4,0.00000001391400000000
8,0.00000001387500000000
16,0.00000001393100000000
32,0.00000001560000000000
64,0.00000001673200000000
128,0.00000002029600000000
256,0.00000001986500000000
512,0.00000002039600000000
1024,0.00000002165200000000
2048,0.00000002322800000000
4096,0.00000002532600000000
8192,0.00000003118700000000
16384,0.00000003746900000000
32768,0.00000004237900000000
65536,0.00000005109500000000
131072,0.00000007720700000000
262144,0.00000010026900000000
524288,0.00000011355300000000
1048576,0.00000013895400000000
2097152,0.00000016043900000000
4194304,0.00000017080400000000
8388608,0.00000018372200000000
16777216,0.00000016998400000000
