Number of Words,Time
2,0.00000001454500000000
4,0.00000001436300000000
8,0.00000001452600000000
16,0.00000001433100000000
32,0.00000001455900000000
64,0.00000001473600000000
128,0.00000001555800000000
256,0.00000001829500000000
512,0.00000002005200000000
1024,0.00000002133900000000
2048,0.00000002232400000000
4096,0.00000002484700000000
8192,0.00000002949700000000
16384,0.00000003457000000000
32768,0.00000004415300000000
65536,0.00000005099800000000
131072,0.00000007712100000000
262144,0.00000009022200000000
524288,0.00000011129800000000
1048576,0.00000013626200000000
2097152,0.00000015549300000000
4194304,0.00000016828200000000
8388608,0.00000018267300000000
16777216,0.00000016569300000000
