Number of Words,Time
2,0.00000001411600000000
4,0.00000001398300000000
8,0.00000001392800000000
16,0.00000001396000000000
32,0.00000001552700000000
64,0.00000001550000000000
128,0.00000001591000000000
256,0.00000001589600000000
512,0.00000001747800000000
1024,0.00000001779600000000
2048,0.00000002081000000000
4096,0.00000002301600000000
8192,0.00000002906200000000
16384,0.00000003751100000000
32768,0.00000004644800000000
65536,0.00000007495600000000
131072,0.00000009269700000000
262144,0.00000010291400000000
524288,0.00000011434200000000
1048576,0.00000013751400000000
2097152,0.00000015596100000000
4194304,0.00000016634300000000
8388608,0.00000017598900000000
16777216,0.00000016748500000000
