Number of Words,Time
2,0.00000001525000000000
4,0.00000001485300000000
8,0.00000001481100000000
16,0.00000001483100000000
32,0.00000001586300000000
64,0.00000001613500000000
128,0.00000001693300000000
256,0.00000002028900000000
512,0.00000002225600000000
1024,0.00000002278500000000
2048,0.00000002508200000000
4096,0.00000002624200000000
8192,0.00000003379300000000
16384,0.00000003549400000000
32768,0.00000004881600000000
65536,0.00000005738700000000
131072,0.00000008456600000000
262144,0.00000010523700000000
524288,0.00000014201700000000
1048576,0.00000015084200000000
2097152,0.00000016822500000000
4194304,0.00000018128500000000
8388608,0.00000019590400000000
16777216,0.00000018751900000000
