Number of Words,Time
2,0.00000001346000000000
4,0.00000001323400000000
8,0.00000001317400000000
16,0.00000001324300000000
32,0.00000001441800000000
64,0.00000001625600000000
128,0.00000001995700000000
256,0.00000001829900000000
512,0.00000001929800000000
1024,0.00000002164400000000
2048,0.00000002239600000000
4096,0.00000002466600000000
8192,0.00000002898900000000
16384,0.00000004049200000000
32768,0.00000004249800000000
65536,0.00000005048600000000
131072,0.00000007637500000000
262144,0.00000009290500000000
524288,0.00000011738100000000
1048576,0.00000014395100000000
2097152,0.00000015930000000000
4194304,0.00000017298000000000
8388608,0.00000018054300000000
16777216,0.00000017440500000000
