Number of Words,Time
2,0.00000001342600000000
4,0.00000001321600000000
8,0.00000001307900000000
16,0.00000001315700000000
32,0.00000001432000000000
64,0.00000001444900000000
128,0.00000001497600000000
256,0.00000001832900000000
512,0.00000001971700000000
1024,0.00000002479400000000
2048,0.00000002304200000000
4096,0.00000002604300000000
8192,0.00000002831800000000
16384,0.00000003979300000000
32768,0.00000004499300000000
65536,0.00000005163200000000
131072,0.00000008172700000000
262144,0.00000009779700000000
524288,0.00000011385300000000
1048576,0.00000014173200000000
2097152,0.00000015974200000000
4194304,0.00000017391300000000
8388608,0.00000018229200000000
16777216,0.00000017248800000000
